data/added_F140W_hst_data/F140W_HST_15115/hst_15115_30_wfc3_ir_f140w_idnl30_point-cat.ecsv
# %ECSV 1.0
# ---
# datatype:
# - {name: X-Center, unit: pix, datatype: float64, format: 10.3f, description: Pixel Coordinate}
# - {name: Y-Center, unit: pix, datatype: float64, format: 10.3f, description: Pixel Coordinate}
# - {name: RA, unit: deg, datatype: float64, format: 13.7f, description: Sky coordinate at epoch of observation}
# - {name: DEC, unit: deg, datatype: float64, format: 13.7f, description: Sky coordinate at epoch of observation}
# - {name: ID, unit: '', datatype: int64, format: 7d, description: Catalog Object Identification Number}
# - {name: MagAp1, unit: mag(AB), datatype: float64, format: 7.3f, description: ABMAG of source based on the inner (smaller) aperture}
# - {name: MagErrAp1, unit: mag(AB), datatype: float64, format: 7.3f, description: Error of MagAp1}
# - {name: MagAp2, unit: mag(AB), datatype: float64, format: 7.3f, description: ABMAG of source based on the outer (larger) aperture}
# - {name: MagErrAp2, unit: mag(AB), datatype: float64, format: 7.3f, description: Error of MagAp2}
# - {name: MSkyAp2, unit: electron / (pix s), datatype: float64, format: 7.3f, description: Sky estimate from an annulus outside Aperture
#     2}
# - {name: StdevAp2, unit: electron / (pix s), datatype: float64, format: 7.3f, description: Standard deviation of sky estimate from annulus
#     outside Aperture 2}
# - {name: FluxAp2, unit: electron / s, datatype: float64, format: 10.4f, description: Flux of source based on the outer (larger) aperture}
# - {name: CI, unit: mag(AB), datatype: float64, format: 7.3f, description: Concentration Index}
# - {name: Flags, unit: '', datatype: int64, format: 5d, description: Numeric encoding for conditions on detected sources}
# meta: !!omap
# - h00: [' #==================================================================================================']
# - h01: [' # All refereed publications based on data obtained from the HAP must carry the following footnote: ']
# - h02: [' #                                                                                                  ']
# - h03: [' #     Based on observations made with the NASA/ESA Hubble Space Telescope                          ']
# - h04: [' #     and obtained from the Hubble Advanced Products collection generated                          ']
# - h05: [' #     by the Space Telescope Science Institute (STScI/NASA).                                       ']
# - h06: [' #                                                                                                  ']
# - h07: [' # One copy of each paper resulting from data obtained from the HAP should be sent to the STScI.    ']
# - h08: [' #==================================================================================================']
# - {WCSNAME: IDC_w3m18525i-FIT_SVM_GAIAeDR3}
# - {WCSTYPE: undistorted a posteriori solution aligned by visit to GAIAEDR3}
# - {Proposal ID: 15115}
# - {Image File Name: HST_15115_30_WFC3_IR_F140W_IDNL30_DRZ.FITS}
# - {Target Name: COSMOS-LID360}
# - {Date Observed: '2017-10-30'}
# - {Time Observed: '01:07:40'}
# - {Instrument: WFC3}
# - {Detector: IR}
# - {Target RA: 150.1294583333}
# - {Target DEC: 2.865194444444}
# - {Orientation: 0.0}
# - {Aperture RA: 150.1329703}
# - {Aperture DEC: 2.864387035824}
# - {Aperture PA: 106.436501}
# - {Aper1 (arcsec): 0.15}
[...]
# - h10.4: ['the selected aperture. For details, see Whitmore et al., 2016 AJ, 151, 134W.']
# - h10.5: [' ']
# - h11: ['The X and Y coordinates in this table are 0-indexed (i.e. the origin is (0,0)).']
# - h12: [RA and Dec values in this table are in sky coordinates (i.e. coordinates at the epoch of observation]
# - h12.1: [and an undistorted a posteriori solution aligned by visit to GAIAEDR3).]
# - h13: [Magnitude values in this table are in the ABMAG system.]
# - h14: ['Column titles in this table ending with Ap1 refer to the inner photometric aperture ']
# - h14.1: ['(radius = 1.1695906171834458 pixels, 0.15 arcsec.']
# - h15: ['Column titles in this table ending with Ap2 refer to the outer photometric aperture ']
# - h15.1: ['(radius = 3.5087718515503377 pixels, 0.45 arcsec.']
# - h16: [CI = Concentration Index (CI) = MagAp1 - MagAp2.]
# - h17: ['Flag Value Identification:']
# - h17.1: ['    0 - Stellar Source (0.25 < CI < 0.55)']
# - h17.2: ['    1 - Extended Source (CI > 0.55)']
# - h17.3: ['    2 - Questionable Photometry (Single-Pixel Saturation)']
# - h17.4: ['    4 - Questionable Photometry (Multi-Pixel Saturation)']
# - h17.5: ['    8 - Faint Detection Limit']
# - h17.6: ['   16 - Hot pixels (CI < 0.25)']
# - h17.7: ['   32 - False Detection Swarm Around Saturated Source']
# - h17.8: ['   64 - False Detections Near Image Edge']
# - h17.9: ['  128 - Bleeding and Cosmic Rays']
# - h18: ['#=================================================================================================']
# schema: astropy-2.0
X-Center Y-Center RA DEC ID MagAp1 MagErrAp1 MagAp2 MagErrAp2 MSkyAp2 StdevAp2 FluxAp2 CI Flags
[from data line 416]
630.3857048467225 1118.477222629707 150.1358514749338 2.8772834371290994 417 29.234054521551244 3.8786499594431154 29.012696783135027 9.943110099620132 2.240807340062898 0.05392797836781205 0.09445924720598953 0.22135773841621642 8
524.2058480767355 1119.4371980574986 150.13963890722275 2.877317609555083 418 18.009563954259526 0.003869569047269925 17.38814051444401 0.008644344635530862 4.761797155652726 3.894925345852032 4217.6155289020535 0.6214234398155156 0
988.9278985067733 1120.8342686165904 150.12306228601176 2.8773674042893873 419 26.245136367865804 0.2429431313361146 24.992089213330935 0.23874462092536047 2.1000285307566324 0.048462570070892164 3.832547163980749 1.253047154534869 9
409.25957441430603 1121.891826110262 150.14373903811273 2.8774050126240063 420 25.720621257205757 0.19378390159636852 24.262182859304353 0.1704621806983974 2.127070426940918 0.11410735462377701 7.506717107375806 1.4584383979014035 1
708.3816570461394 1124.3000346881133 150.13306936246553 2.877490886417924 421 27.50521059237679 0.760241745277784 26.14534656484097 0.6713139391737429 2.136321473121643 0.04163164231268376 1.3249044764862674 1.3598640275358207 9
415.9199737394031 1124.7901387827021 150.143501463118 2.8775082679034734 422 27.4589436917174 0.7155497276379746 25.824471615501473 0.48765958290300737 2.1214056721440064 0.034430276937990376 1.7804695357479972 1.6344720762159284 9
624.162578990642 1124.822664699323 150.13607345489038 2.877509492277474 423 28.23753620225957 1.4305796901333583 27.445479784493884 2.088668055011878 2.176523804664612 0.02224701682317938 0.40006566431073054 0.7920564177656857 9
617.1131350428284 1125.6134497993532 150.13632490853843 2.8775376625633307 424 27.13951861529167 0.5297713449121485 26.694131113829997 1.0741690113776194 2.1745477450096002 0.03171262879958137 0.7992281056106805 0.44538750146167416 8
712.0694822079608 1125.7127714989974 150.13293781798032 2.8775412155469726 425 27.39815900501295 0.6955344430279331 25.81090510588802 0.5002442751305087 2.130926140149435 0.045060296558703694 1.8028564626561803 1.5872538991249314 9
733.6333809744066 1127.0018663174978 150.13216863433468 2.8775871414763836 426 25.914375335734952 0.197133400695154 24.587587658018478 0.18839323816697512 2.114892252853939 0.07530788892974004 5.562731911357417 1.3267876777164744 1
563.4667670641286 1128.688860337084 150.1382384739641 2.8776472113460683 427 24.97992987375296 0.09049209647704745 24.213368363564484 0.1481478595189376 2.1130352184690278 0.09542641944028198 7.851919672147815 0.766561510188474 0
520.362688254168 1133.6158158535154 150.13977599705993 2.8778227215915737 428 25.678264922579523 0.3069676410939417 23.705235456252062 0.18051353798004724 2.18540610765156 0.2414482843007448 12.538021519289387 1.9730294663274606 1
685.2449124467142 1133.3313166529338 150.13389465072726 2.8778126230895587 429 25.16249538257403 0.10015304528583725 24.092478749143588 0.12187537138118142 2.128426194190979 0.07916439835402014 8.776708890487768 1.0700166334304413 1
747.1333808739754 1134.8344311804253 150.13168709013343 2.877866177535308 430 27.342448881290984 0.6358367230742284 26.318956541296863 0.7551623609430913 2.1552755037943525 0.029650972303049593 1.1291212395916261 1.023492339994121 9
773.0746527212068 1135.9910231354934 150.1307617653712 2.877907382365738 431 26.76230458855953 0.37437066411467346 25.52972195431358 0.36756396320256773 2.1084363540013635 0.031834841573892075 2.3357933177327226 1.2325826342459507 9
602.8488296989136 1137.4714378753135 150.13683371859207 2.8779601003060806 432 26.766751802691587 0.38125258238687343 26.69164220930407 1.0955438282842314 2.1463611084118224 0.03774985997744336 0.8010623303271274 0.07510959338751633 8
906.033561515113 1137.606238104689 150.1260191226168 2.877964919006266 433 27.02031863291927 0.4734721094399672 26.00488468410044 0.567649537647733 2.132810839584896 0.03046308885145584 1.507888814925792 1.0154339488188313 9
1149.9104896134234 1139.6815238740285 150.11732003466386 2.878038790000242 434 26.522413086753126 0.31357941870657857 25.65529167344232 0.44017728996230693 2.1579238998478854 0.04835573084457179 2.080685899427621 0.8671214133108052 9
419.5266981109624 1141.4526640391257 150.14337281845295 2.8781018718801983 435 26.4239382456472 0.29695261716341015 25.348114918564434 0.3497242822905117 2.1364517893110007 0.05932557820933581 2.7610687840627293 1.075823327082766 9
804.8884237948373 1142.9813204747422 150.12962696855075 2.878156412202807 436 26.426216300819256 0.30197925922454966 24.832445113287335 0.22083683343701935 2.1508151946529264 0.06367014836930163 4.4396133440938 1.593771187531921 9
614.9372888886975 1144.6980877716237 150.13640252490356 2.8782175523140476 437 26.456278634895497 0.28369638344988074 25.540550087561407 0.3742292254986793 2.1471456204141885 0.03376474130819043 2.3126140422894963 0.9157285473340906 9
937.6995615204941 1145.1938412282118 150.1248895956181 2.8782352231720507 438 24.988851474405827 0.278803042070191 25.1901193693705 1.233232213477232 3.095557451248169 0.44502882346742223 3.1935626886595543 -0.20126789496467268 8
618.7944716599715 1145.8948154212505 150.13626493945293 2.878260186535128 439 26.97843118044804 0.46036098373141865 25.63589915252183 0.41053868030643675 2.1374925800732205 0.03512032627972158 2.118183264384328 1.342532027926211 9
785.8235483777855 1148.8548902630716 150.13030701267368 2.8783656579546877 440 27.514945923239594 0.7575095902118913 26.446839842989114 0.8701243991672744 2.122267738978068 0.036800890570752455 1.003661479358584 1.0681060802504803 9
964.7345659316991 1147.9601352599357 150.12392525659263 2.878333767935106 441 23.556808573250137 0.10299893862741276 22.301177178759716 0.12004091639335086 2.6438599238961427 0.6243745464070677 45.693278712334006 1.2556313944904218 1
839.944928091889 1152.6214093986107 150.12837650282555 2.878499839607286 442 27.122963798065676 0.5204487594409594 26.18530800407852 0.6701351783282995 2.1319655535513897 0.030509916376553776 1.2770267417554493 0.9376557939871546 9
991.6314441662494 1154.7872384850941 150.122965843516 2.878576978234479 443 26.833192449007818 0.4194786437253044 25.88028629527779 0.5445365398713482 2.1702902078628536 0.04994288976601441 1.691253371163583 0.9529061537300265 9
616.4422323593958 1157.7907049086114 150.1363488462886 2.8786839770953363 444 22.77143006046169 0.009670984674476633 22.137212072027076 0.016812256972168933 2.1715590895676034 0.03933806791320285 53.142057452556145 0.6342179884346137 0
633.919300778922 1158.3623295588686 150.13572543917388 2.878704344687019 445 25.777446856312004 0.20463627617539287 24.454869127592865 0.2044337022359966 2.217280387878418 0.11454328421470854 6.286016872062547 1.3225777287191391 1
690.365457570689 1157.8301357024804 150.133712004031 2.878685394146612 446 27.529396213498224 0.7741578147749697 26.850394840389917 1.277983161363175 2.1747579817044533 0.0400700270757096 0.6920942757390947 0.6790013731083064 8
792.6697246309408 1158.1425988161657 150.13006280966457 2.8786965326668166 447 24.846718065117287 0.1189418620588156 23.555777482719506 0.12811532377996623 2.2463276386260986 0.1910538503239707 14.388389979025604 1.2909405823977806 1
408.23381353616253 1159.1876817260284 150.14377564331983 2.878733676950402 448 25.257805469900852 0.12863749991751114 24.313142931923252 0.1828894007555421 2.2301999494947236 0.11781618696620759 7.162522852529278 0.9446625379775995 1
596.390364383035 1162.914922622737 150.13706409781307 2.8788665229496484 449 24.951346470908113 0.10609834096528187 23.671072251552815 0.11334622757679962 2.1391194516962226 0.13850683212280107 12.93880872663216 1.2802742193552987 1
861.4504380919502 1163.9108398423289 150.12760940043214 2.8789020244135544 450 26.219613860537287 0.22771469454631615 25.339103387147183 0.31010553070063573 2.1227268869226625 0.03294155469926066 2.784080820870159 0.8805104733901032 9
413.4351586691977 1165.258234523088 150.14359011390854 2.878949942652547 451 25.463370846501512 0.3019805398521249 23.67137521298264 0.2110003254280303 2.4426233889692917 0.29989095687723427 12.9351988137295 1.791995633518873 1
623.2521790355175 1168.6211180948592 150.13610593757872 2.879069811939042 452 27.42465438719079 0.6915133007050008 26.841994014291252 1.2371254409104933 2.1437611189044894 0.033458553819583375 0.6974700890774557 0.5826603728995394 8
460.1396059778822 1171.0995603318631 150.14192416766423 2.879158058931958 453 25.530301968304904 0.17590095765322478 24.409563234146546 0.21446817906680152 2.3497818470001217 0.13240959195369797 6.553871163485525 1.1207387341583583 1
876.2200304073835 1174.958368873108 150.12708256791035 2.879295591539072 454 23.876686716013452 0.10483038489183255 22.485315145660444 0.10705696188576168 2.502567712465922 0.46746459302681187 38.56533738789635 1.3913715703530087 1
608.3652096459092 1175.083952993676 150.1366369575155 2.879300047314965 455 24.830545802150276 0.21933157155628744 22.883622992082437 0.1349049955389092 2.239730546348973 0.4014733025466841 26.722309920751485 1.9469228100678393 1
654.7448004230065 1178.933565104917 150.13498259674665 2.8794371986063174 456 27.447692933761616 0.7071577986844144 26.161993114056337 0.6626454782791109 2.1418095668156942 0.03394180362073171 1.3047459209022634 1.285699819705279 9
880.324642956479 1184.618420437521 150.12693615542847 2.8796397305178973 457 24.875461767772812 0.08143114264899787 24.297071974782426 0.1581406772012519 2.3046814819862105 0.09322132949866158 7.269330315592015 0.5783897929903858 0
738.4880784821864 1185.4158041127998 150.13199547157745 2.879668138300076 458 21.122343015933403 0.009242967345408186 20.48033316615568 0.01988744180424904 1.90004563331604 0.5178455837233262 244.44993545701578 0.6420098497777218 0
1014.6384927684952 1188.3898218014333 150.12214517403123 2.879774065083463 459 25.054044102912265 0.11429826194094583 23.849510814807367 0.1294190007467252 2.106720508155176 0.13410415436926582 10.977889815352853 1.2045332881048978 1
882.2005329333427 1187.9276737924142 150.1268692420655 2.8797576225001404 460 26.490948301998905 0.35237452315912915 24.581693885984443 0.20100787820815672 2.2251709542184503 0.08742768303962146 5.5930105560372425 1.9092544160144627 1
1081.952749616497 1188.4213340495999 150.11974407148242 2.879775169319265 461 19.57923010300005 0.009055526497200808 18.885650984497126 0.018597860010813407 1.5413551848867666 2.1538325943893484 1061.8490909749369 0.6935791185029245 0
683.5825043496407 1189.9670671487988 150.13395395631352 2.8798302714033475 462 26.52652875985821 0.3032369596838164 25.49545517619635 0.36016901221385395 2.132814459367232 0.034559166741319154 2.4106886487273727 1.0310735836618576 9
805.6358633829018 1191.5458190573215 150.12960030724997 2.879886522398196 463 26.547059677436643 0.31843312276728547 25.56103670591758 0.39955984498586333 2.1250851656261247 0.0458791117193203 2.26938672991578 0.9860229715190627 9
407.9953102234675 1192.2457494021717 150.1437841652348 2.8799113704236436 464 27.813053123536683 1.1842397971282521 26.32509754864072 0.9844790316785718 2.168300382296244 0.0864692149042883 1.1227528701303555 1.4879555748959632 9
649.9270572418808 1193.5109291101141 150.13515444829144 2.8799565163646856 465 26.065486368376952 0.32535562174602234 23.930104928018736 0.16130816155384625 2.1090663828939764 0.16091633868830854 10.192511782952622 2.1353814403582163 1
910.2252397749885 1194.6395821257702 150.12586959872118 2.879996731316939 466 25.72570897216969 0.1822886285000093 24.66156068710943 0.22703127084555053 2.201714587211609 0.09871457091319435 5.196356260972635 1.0641482850602628 9
636.5938359786751 1197.5707947424683 150.13563004572035 2.880101146694892 467 27.514486771108515 0.912565514875291 25.312421266817807 0.39678101016667916 2.1769822495324274 0.08973320323003876 2.8533476344418744 2.202065504290708 9
574.9240774008096 1199.4882647448676 150.137829809887 2.880169442994778 468 25.636573115868565 0.15420358491958858 24.59964634348639 0.19313110997534613 2.1616566010883878 0.07789737971804699 5.501291477654405 1.0369267723821736 1
627.8351832757378 1199.8366783078181 150.13594246778618 2.880181867124259 469 28.486771784617268 1.8736682535584102 26.671961455580607 1.0902580879373278 2.1913381196834427 0.04072949671639022 0.8157153054740292 1.8148103290366606 9
631.4728528108403 1206.4268914810957 150.1358127131599 2.8804166441590566 470 25.538341247709205 0.36348033531670404 23.414123638738204 0.18948175604340076 2.172915731157575 0.34147496372187336 16.39357749117326 2.1242176089710014 1
968.1417112870919 1207.4320031718587 150.12380371282552 2.880452452512356 471 26.173326807099293 0.2398060560720932 24.982888254093282 0.2558474002740276 2.1882823705673218 0.06410785071228015 3.865163696280547 1.190438553006011 9
645.1433203892625 1209.4106718983192 150.13532508721596 2.8805229438419437 472 17.93711110326955 0.0033729399708090505 17.29703950273803 0.007477260860910907 4.770209860801696 3.62069738429696 4586.774530625937 0.6400716005315203 0
631.7004598824607 1210.8184813884016 150.13580459523655 2.8805730945842116 473 27.670687495425604 1.4188901636016122 25.66943822322248 0.7862473830373253 2.2829350191971347 0.16003596047593602 2.053751549491267 2.0012492722031254 9
631.6759919800949 1214.9059108732201 150.13580546878626 2.8807187092465183 474 27.08687883167402 0.6484868736244063 24.919020757371136 0.29336364828995276 2.1921128908793133 0.10232809498558351 4.099348968760893 2.1678580743028846 9
684.4551305892444 1218.6634643152026 150.13392283347503 2.88085258061512 475 24.925649435491437 0.07003428341171057 24.318123221636363 0.12372889516486416 2.1485092735290525 0.03805107079445195 7.129743480395732 0.6075262138550741 0
706.5859306211735 1220.834055746062 150.1331334263265 2.88092991058539 476 25.266519234798096 0.1314583175604277 23.85776277437052 0.12269119368944065 2.134176220212664 0.12084442663830589 10.894770435940046 1.4087564604275755 1
450.3882715569123 1222.546513131185 150.1422720181457 2.88099085271636 477 26.34585947498237 0.2733585130699748 25.2575469500202 0.31634056178236303 2.1135922135977907 0.05622993409909497 3.0012654820749987 1.08831252496217 9
723.8106662719367 1227.4564892495387 150.13251901918917 2.881165836454061 478 26.393911701104223 0.26372940797781286 25.812349809008182 0.46939184205091966 2.112109636005602 0.026342569661039185 1.8004591397600365 0.5815618920960404 8
929.2612277216965 1239.0619102174464 150.12519057782055 2.881579274192242 479 27.166596787532896 0.5681079462215164 26.08849510748601 0.6561185207258068 2.195749322573344 0.04872019107182153 1.3961277210932508 1.0781016800468848 9
631.6144731736896 1244.0380027669682 150.1358076687131 2.881756539942533 480 25.276603094410994 0.14035759209716928 23.784499425671996 0.12292440854349959 2.329944502223622 0.1338674650599535 11.655299105274906 1.4921036687389986 1
693.4347678723012 1246.4714079930636 150.1336025324919 2.8818432396910016 481 27.240066756765508 0.5720024864694876 27.03328817215523 1.4341765542939846 2.1401221326419284 0.023427695592186267 0.5848007548530774 0.20677858461027654 8
798.3668302902353 1248.5320417806627 150.12985959431765 2.8819166564625793 482 26.657483002639367 0.3550246684796206 25.602138696575153 0.41898507276723956 2.1283217339680114 0.04826744030387367 2.185081875713223 1.0553443060642138 9
903.3732342997145 1250.035090314519 150.1261140039509 2.8819701969744482 483 26.66691960586349 0.3577456646147554 25.690459243044565 0.45436220016136963 2.1485272135053366 0.04786115731532704 2.0143711656368453 0.9764603628189263 9
923.474735443325 1253.4243801048763 150.1253969806685 2.882090937942897 484 20.80609709059199 0.013339555437133907 20.145191243937454 0.02806636457628417 1.5353464268623513 1.0208379618281775 332.8485702789302 0.6609058466545363 0
