data/added_F140W_hst_data/F140W_HST_15115/hst_15115_30_wfc3_ir_f140w_idnl30_segment-cat.ecsv
# %ECSV 1.0
# ---
# datatype:
# - {name: X-Centroid, unit: pix, datatype: float64, format: 10.3f, description: Pixel Coordinate}
# - {name: Y-Centroid, unit: pix, datatype: float64, format: 10.3f, description: Pixel Coordinate}
# - {name: RA, unit: deg, datatype: float64, format: 13.7f, description: Sky coordinate at epoch of observation}
# - {name: DEC, unit: deg, datatype: float64, format: 13.7f, description: Sky coordinate at epoch of observation}
# - {name: ID, unit: '', datatype: int64, format: 7d, description: Catalog Object Identification Number}
# - {name: CI, unit: mag(AB), datatype: float64, format: 7.3f, description: Concentration Index}
# - {name: Flags, unit: '', datatype: int64, format: 5d, description: Numeric encoding for conditions on detected sources}
# - {name: MagAp1, unit: mag(AB), datatype: float64, format: 7.3f, description: ABMAG of source based on the inner (smaller) aperture}
# - {name: MagErrAp1, unit: mag(AB), datatype: float64, format: 7.3f, description: Error of MagAp1}
# - {name: FluxAp1, unit: electron / s, datatype: float64, format: 10.4f, description: Flux of source based on the inner (smaller) aperture}
# - {name: FluxErrAp1, unit: electron / s, datatype: float64, format: 10.4f, description: Error of FluxAp1}
# - {name: MagAp2, unit: mag(AB), datatype: float64, format: 7.3f, description: ABMAG of source based on the outer (larger) aperture}
# - {name: MagErrAp2, unit: mag(AB), datatype: float64, format: 7.3f, description: Error of MagAp2}
# - {name: FluxAp2, unit: electron / s, datatype: float64, format: 10.4f, description: Flux of source based on the outer (larger) aperture}
# - {name: FluxErrAp2, unit: electron / s, datatype: float64, format: 10.4f, description: Error of FluxAp2}
# - {name: MSkyAp2, unit: electron / (pix s), datatype: float64, format: 7.3f, description: Sky estimate from an annulus outside Aperture
#     2}
# - {name: Bck, unit: electron / s, datatype: float32, format: 10.4f, description: Background at the position of the source centroid}
# - {name: Area, unit: pix2, datatype: float64, format: 8.3f, description: Total unmasked area of the source segment}
# - {name: FWHM, unit: pix, datatype: float64, format: 8.3f, description: Circularized FWHM of 2D Gaussian function having the same second-order
#     central moments as the source}
# - {name: MagSegment, unit: mag(AB), datatype: float64, format: 7.3f, description: Magnitude corresponding to FluxSegment}
# - {name: FluxSegment, unit: electron / s, datatype: float64, format: 10.4f, description: Sum of unmasked data values in the source segment}
# - {name: FluxSegmentErr, unit: electron / s, datatype: float32, format: 10.4f, description: 'Uncertainty of FluxSegment, propagated
#     from the input error array'}
# - {name: KronRadius, unit: pix, datatype: float64, format: 8.4f, description: The unscaled first-moment Kron radius}
# - {name: Xmin, unit: pix, datatype: int64, format: 8.0f, description: Minimum X pixel within the minimal bounding box containing the
#     source segment}
# - {name: Ymin, unit: pix, datatype: int64, format: 8.0f, description: Minimum Y pixel within the minimal bounding box containing the
#     source segment}
# - {name: Xmax, unit: pix, datatype: int64, format: 8.0f, description: Maximum X pixel within the minimal bounding box containing the
[...]
# - h12: [RA and Dec values in this table are in sky coordinates (i.e. coordinates at the epoch of observation]
# - h12.1: [and an undistorted a posteriori solution aligned by visit to GAIAEDR3).]
# - h13: [Magnitude values in this table are in the ABMAG system.]
# - h14: ['Column titles in this table ending with Ap1 refer to the inner photometric aperture ']
# - h14.1: ['(radius = 1.1695906171834458 pixels, 0.15 arcsec.']
# - h15: ['Column titles in this table ending with Ap2 refer to the outer photometric aperture ']
# - h15.1: ['(radius = 3.5087718515503377 pixels, 0.45 arcsec.']
# - h16: [CI = Concentration Index (CI) = MagAp1 - MagAp2.]
# - h17: ['Flag Value Identification:']
# - h17.1: ['    0 - Stellar Source (0.25 < CI < 0.55)']
# - h17.2: ['    1 - Extended Source (CI > 0.55)']
# - h17.3: ['    2 - Questionable Photometry (Single-Pixel Saturation)']
# - h17.4: ['    4 - Questionable Photometry (Multi-Pixel Saturation)']
# - h17.5: ['    8 - Faint Detection Limit']
# - h17.6: ['   16 - Hot pixels (CI < 0.25)']
# - h17.7: ['   32 - False Detection Swarm Around Saturated Source']
# - h17.8: ['   64 - False Detections Near Image Edge']
# - h17.9: ['  128 - Bleeding and Cosmic Rays']
# - h18: ['#=================================================================================================']
# schema: astropy-2.0
X-Centroid Y-Centroid RA DEC ID CI Flags MagAp1 MagErrAp1 FluxAp1 FluxErrAp1 MagAp2 MagErrAp2 FluxAp2 FluxErrAp2 MSkyAp2 Bck Area FWHM MagSegment FluxSegment FluxSegmentErr KronRadius Xmin Ymin Xmax Ymax X2 Y2 XY CXX CYY CXY Elongation Ellipticity Theta
931.2792419047552 92.05867840257685 150.12511875818024 2.8407172849098186 1 2.6511739460761845 1 25.424916576218955 0.21752531235932374 2.5725069864927956 0.5154143739369881 22.77374263014277 0.07007092670262151 29.568285390785206 1.9083330186422622 2.1485266633655717 2.096564 15.0 3.125369079394764 24.544546856844867 5.787679195404053 2.4505506 2.9145152247274764 928 90 934 94 2.4967662648604354 1.0262704567727847 -1.2176420851715097 0.950509870316635 2.3124518132249676 2.255508404885695 3.064151843156564 0.6736454160281298 -29.437596321469602
920.6936666483624 131.43422790821222 150.12549632810928 2.842120040079688 2 1.159404778427266 9 26.210531840620085 0.2693227901317432 1.2477008103438738 0.30950931518048175 25.05112706219282 0.3033378441502778 3.6297136821524276 1.0141194834916496 2.190047617616324 2.096564 7.0 1.8404678023285148 25.430766606538675 2.558683395385742 1.6310095 2.8932986363499666 920 130 922 133 0.46883887559580945 0.7528791903536084 -0.2788480602157774 2.735526312506417 1.7034885502890451 2.0263442413738817 1.7608857958504196 0.4321039999547216 -58.49510375816197
955.7108176529217 142.9409313086782 150.12424730388503 2.8425299611304906 3 1.2763550702739508 1 22.621931570596054 0.0764820746321443 34.00560964254268 2.3955232334830203 21.345576500322103 0.08780344445270515 110.17741870245092 8.910340667756365 2.7126556048958985 2.096564 249.0 7.4039524305269575 20.554691425027045 228.26883554458618 15.227594 1.9373004259031423 948 134 964 152 9.368147174339821 10.403451531876506 -0.4108268579714504 0.10692986998887684 0.09628869383583649 0.00844520924161065 1.069241774961432 0.0647578280075427 -70.78162783854656
822.8241425821874 164.7343252716753 150.12898722292243 2.8433063632796127 4 1.3361764208388038 1 25.220293540440217 0.14968816993216397 3.106030937717504 0.4282362409686067 23.884117119601413 0.1525762158655986 10.633502696863331 1.4943535073077687 2.185390790303548 2.096564 26.0 3.122202680774254 23.72889634273625 12.26774263381958 3.5559492 2.4381165001236655 821 162 825 167 1.3583665691429638 2.1575351950246 -0.017101868084332915 0.7362517809780712 0.4635381188955186 0.011671912341618502 1.2605664699078136 0.20670585496921012 -88.77464255566949
1152.293964408448 166.91597043732148 150.11723539312138 2.8433840175335745 5 1.6571739491461344 9 26.04815271902747 0.3611865525841164 1.4489790483117115 0.48204084666696223 24.390978769881336 0.27777512057532333 6.667018887015459 1.705749263349615 2.431550216674805 2.096564 62.0 5.150212279626495 22.840827155942883 27.79664182662964 5.356838 2.235167786708017 1147 164 1157 170 6.879870980472229 2.686887447293465 -1.1525824612503117 0.1566059683454952 0.4009951581984694 0.13435716678341736 1.7324086187392218 0.42276897656641754 -14.400276594171116
954.4981278783729 183.6796067263279 150.1242905523331 2.8439812764613537 6 1.4049667845503677 1 25.198179832178752 0.154757017719731 3.1699415946048486 0.4518473865034308 23.793213047628385 0.1497137617865785 11.562133360892432 1.5943727362414126 2.2398069028196668 2.096564 34.0 3.509400861606002 23.422400724542186 16.269076585769653 4.0941563 2.29873101912475 952 181 957 187 2.0005718819261067 2.4414480645056877 -0.08767037277719224 0.5006449028189554 0.41023855062508424 0.035955485514721074 1.1131810207948152 0.10167350923213148 -79.15590155294944
1042.7011926796645 194.32323396449829 150.12114444058815 2.8443604366649926 7 0.8179411405824837 1 23.282457092827578 0.023220964510468487 18.507184574652715 0.3958318837585894 22.464515952245094 0.03854563611460628 39.31124628620485 1.3956682274658925 2.1953731775283813 2.096564 50.0 3.549858133340827 22.310478510589725 45.30350351333618 6.7844353 1.8134560223159975 1039 191 1046 198 2.284481192138221 2.2605465884935025 -0.017648151049759704 0.43776255116336177 0.44239756873208985 0.006835249196972183 1.0094274708194404 0.009339423675271297 -27.9293014019965
745.7157484117964 254.58957599976134 150.1317376009572 2.846507454659926 8 0.6685120564334852 0 18.683729113986267 0.0088201726694402 1278.8851596883767 10.389599274971065 18.015217057552782 0.018546149249592334 2367.207730275964 40.43712615868724 1.5797214404396378 2.096564 443.0 5.887368897636521 17.881940500603243 2676.375176668167 51.795746 1.4 731 240 760 269 6.373686424211392 6.127667367943388 0.036356934203151996 0.15690038372268836 0.1631997603065872 -0.0018618559347060863 1.020735907304022 0.02031466430801865 8.23283682120373
1018.9542301013985 256.67579880004195 150.1219914546672 2.8465817525083428 9 1.030704029743319 1 24.804943557715227 0.08164086135577787 4.553504502141189 0.3424076906532368 23.774239527971908 0.10669734150613695 11.765960395408882 1.1563016436000955 2.157385740961347 2.096564 20.0 2.680729247320174 23.77610861808561 11.745722770690918 3.4692574 2.1974627573443386 1017 255 1021 259 1.35149388616113 1.2404193102658068 -0.30544997985052313 0.7835285775234815 0.8536904201600954 0.385883686647173 1.276735001124276 0.2167521066474929 -39.84749251679013
711.7132785602608 258.8741660081434 150.13295043578938 2.846660090379064 10 0.9608387147274229 1 24.94544078121075 0.08520889571937489 4.000800362682879 0.31399445601720793 23.984602066483326 0.11587981098312378 9.693539108496765 1.034618660449593 2.1524623402378014 2.096564 18.0 2.5218147526891364 23.992029993404024 9.627448320388794 3.1445937 2.3638285613902945 710 257 714 261 1.0990488119182753 1.194673872542164 -0.07953873643132625 0.9142829563669811 0.841101174175712 0.1217418623802046 1.08447572763098 0.07789545259396058 -60.505513244360614
959.9612458260692 266.5373907152594 150.12409567434045 2.8469330837966416 11 1.1461722175693083 1 24.284215169428542 0.06261152394380673 7.355922172102282 0.4242106449363183 23.138042951859234 0.07771719617290075 21.140050121369356 1.513259116134675 2.475862412452698 2.096564 144.0 6.837375915539484 21.83532716112434 70.17660093307495 8.500869 2.2484139028155044 953 261 967 273 9.549372914041383 7.312020568304447 0.19893033993239082 0.10477830095493462 0.13683865626082972 -0.005701182821299651 1.1452208421029886 0.1268059720571597 5.041653783288226
784.9886080736826 263.5071355673202 150.1303367771566 2.846825144328562 12 0.6180609950440399 0 25.402550476773676 0.10796124216477966 2.626050071858522 0.26113256677236335 24.784489481729636 0.18797617209859277 4.640100645894364 0.8033787948488812 2.1185926131482393 2.096564 6.0 1.5200654067746577 25.09429141978454 3.4882421493530273 1.8908329 2.3678912648840553 784 263 786 264 0.5834232886237993 0.24994908367901883 -0.008023360263304306 1.7147783781579058 4.002581749531932 0.11008869884359122 1.528641258335064 0.3458242772479131 -1.3774689251369794
1196.5288123148564 268.17067682329065 150.11565754011647 2.8469911979194746 13 1.4476075874804195 1 24.67695026232095 0.12478694913328027 5.123220977073672 0.5888469332823493 23.22934267484053 0.11955446638328408 19.43507063874081 2.1401395406982493 2.2712824514933994 2.096564 62.0 4.960642884607538 22.612531637913122 34.30129671096802 5.93299 2.163806491364016 1193 263 1200 274 2.54385213528044 6.331599759628926 -1.036542218073839 0.421201522310866 0.16922648818482233 0.1379092730958627 1.7014340021834244 0.4122604822069412 -75.65376415009975
990.187101004655 270.04720018442237 150.12301754692575 2.8470581150240912 14 1.2983826013711024 1 24.083422114916495 0.0787685770960215 8.850225723119815 0.642092370994525 22.785039513545392 0.08660660523481459 29.262227874142965 2.334256440809696 2.199531559286447 2.096564 56.0 4.193934659971223 22.488395715682913 38.4560706615448 6.2664294 1.9125896929326627 986 267 995 273 4.126666750687287 2.2172557326657216 -0.08634777883892629 0.24252395282041203 0.45137577844753374 0.018889480660944858 1.3660882094799605 0.2679828483545159 -2.584010959974348
900.4367724698409 294.7035059731629 150.12621885104508 2.847936509909629 15 1.268165636596457 1 22.97328739109698 0.09362296882565672 24.604142686353356 2.121684520315437 21.705121754500524 0.10854089770720225 79.11785266802195 7.909664505160974 2.3094730747157133 2.096564 104.0 4.9579313800516704 21.348578602657696 109.87319469451904 10.553735 1.5986490343037323 895 289 906 300 4.181582657565676 4.684169183711282 -0.19788888462795676 0.2396229725277414 0.2139126976371185 0.02024637493011311 1.0749575706065329 0.06973072487339094 -70.89010484142071
914.0322760532404 297.3800038582006 150.12573391197398 2.848031858580818 16 0.6274135154831271 0 22.6192815331923 0.008680157176924578 34.08871104711727 0.2725387951070674 21.991868017709173 0.015516960040900226 60.75415520391367 0.8683059764371178 2.205357086964143 2.096564 47.0 3.2089987479331272 21.902475452168645 65.9679536819458 8.163916 1.4 910 294 917 301 1.8351512421378342 1.87894918741221 -0.08761096211282045 0.5461299145514894 0.5333997309624544 0.05092949567023233 1.0498710372543119 0.04750206023850101 -52.01696213458005
829.427108243089 311.4260321299875 150.12875169806048 2.8485322547009244 17 1.3061702655638214 1 24.22542553467455 0.13484044115293733 7.765205965750182 0.9644135562910336 22.919255269110728 0.1503483488781741 25.859557300042198 3.581046092642423 2.9628718835966925 2.096564 199.0 7.743431537257728 21.146474802515726 132.35284233093262 11.629212 1.7812407114121598 823 302 836 319 8.254857170314768 13.371405495775676 0.45488564813545507 0.12136832171223488 0.0749269148296959 -0.008257726938671352 1.2777401564738362 0.21736826150968935 84.9588179245576
1081.6446805170408 353.81836060361667 150.1197553183131 2.8500424389368764 18 1.195493604996983 1 24.072269322297856 0.16849679747916815 8.941604664424002 1.3877053976975557 22.876775717300873 0.20760229458602905 26.891368652926687 5.142037245009112 2.768390655517578 2.096564 111.0 6.328847101176198 21.620245694858063 85.55096554756165 9.335984 1.6860085136958634 1077 346 1086 361 4.3418669731880115 10.104670051498896 -3.4312185505708155 0.314788480035307 0.13526119091861008 0.21378393687241998 2.0657492888519076 0.5159141501843258 -65.01110512588001
1035.3610162220098 354.14029531245507 150.12140621571976 2.8500539208935765 19 1.3834340803205194 1 25.421771019039824 0.14151178259508324 2.579970770970448 0.336277298372699 24.038336938719304 0.1324096484578019 9.225468236498628 1.1251183623960586 2.110743243815535 2.096564 14.0 2.398501583053364 24.4539980089912 6.291062355041504 2.5483484 2.5460279739496197 1033 353 1037 356 1.3446372143868932 0.7302503438594655 0.05960494109573015 0.7463955977997249 1.3743660730808345 -0.12184551781471444 1.3652125349348607 0.26751331795549793 5.490346997201912
1165.272687232656 372.468226098661 150.1167723736096 2.8507068108100038 20 1.1641267387143373 1 24.783283521702224 0.1058601316219205 4.645257409321106 0.4529313445412486 23.619156782987886 0.12846838706026145 13.572519684638138 1.6060050771199317 2.760323226451874 2.096564 220.0 8.495327078521052 21.33873704348185 110.87365794181824 10.680072 2.2369425753048353 1158 365 1173 380 12.8896293095044 13.140405939557512 0.7218511294131422 0.07782116092337965 0.07633599154787074 -0.008550008753637496 1.0579711241555656 0.05479461852216061 49.92708605097647
595.2097216989123 373.7321137728814 150.13710602922052 2.850751885284568 21 0.9876069467627531 1 25.135667565882812 0.09038403771962837 3.357810377919302 0.27953620692016 24.14806061912006 0.11552182070103109 8.338711446755994 0.8872645561663272 2.1312791903813677 2.096564 14.0 2.2845506968771496 24.34471598777121 6.957237005233765 2.6758652 2.406920821589426 593 372 597 375 1.0780511848313905 0.8043671647555126 -0.15930343848362677 0.9555648657071543 1.2806935449335002 0.37849573048537727 1.2547584958120945 0.2030338879253507 -24.668673836510063
1269.4820302680428 390.8107147136566 150.11305530674494 2.8513602143015877 22 0.8829607589639537 1 24.767109620025586 0.07253387670717512 4.7149744685055275 0.31499988650277094 23.884148861061632 0.10622872360543664 10.633191831325547 1.040389054152591 2.069957396813801 2.096564 14.0 2.2072687419416788 24.174087995989957 8.141191959381104 2.8886344 2.0242382806592207 1268 389 1271 392 0.8983747424551113 0.85884054882582 -0.023117510575129768 1.113892766524781 1.1651675373472155 0.05996556134873302 1.0352394015565465 0.034039857354310255 -24.733615257699885
1000.4683678392214 407.90585167870256 150.1226507939634 2.8519693270166755 23 1.1331600943046567 1 23.207999922929176 0.05635576083670555 19.820893326726463 1.0288491515988298 22.07483982862452 0.07424427962059807 56.284299059803544 3.8489336259053326 2.0425461928049726 2.096564 64.0 4.024571936246931 22.000068250202546 60.29702615737915 7.824647 1.6790377919814057 996 404 1005 412 3.3323824151144055 2.5095151371997364 -0.2740349225067795 0.3028047362013805 0.402094079120322 0.0661315575981932 1.1863530425705515 0.15708059564357646 -16.83277800069314
1059.4497593293552 405.5126946614483 150.12054697687125 2.8518840560391383 24 1.3232960712345871 1 25.930998848813672 0.21454204448488828 1.6140747880857145 0.3189526618655448 24.607702777579085 0.21021027790871535 5.460621596419998 1.0572706855832923 2.1493311013494223 2.096564 8.0 1.9761060972431115 25.20834995371778 3.1403872966766357 1.8045489 3.125631185372982 1058 405 1061 406 1.1585904956576627 0.24983884557071423 0.006629815315213017 0.8632488149691467 4.003188015563861 -0.0458149748590801 2.1537044427226153 0.5356837362809888 0.41797281214430887
1166.0118607512131 410.25277992158027 150.1167459927096 2.852052885163717 25 1.1422476562110262 1 25.71738970724835 0.1492286613603668 1.965021518037263 0.27009075313716185 24.575142051037325 0.16303316556811143 5.626863410423681 0.8449528912413669 2.139865434394692 2.096564 9.0 2.0684279495914866 24.947793885027195 3.9921388626098633 2.0304308 2.564506765199258 1164 409 1168 411 1.174439495028903 0.3686650225408811 0.0016497510402960905 0.8514753550696171 2.7125065435971116 -0.0076205892445726335 1.7848510132321087 0.43972914681033026 0.11730731957641766
1046.7849252925766 412.50986521649685 150.1209987191677 2.8521333337234203 26 1.4014339487583882 9 26.5832104441427 0.3726912279641671 0.8851951295813762 0.3038633690997357 25.181776495384312 0.3331931126296041 3.218196774634592 0.9876402324721859 2.227226265271505 2.096564 10.0 2.0768529249061856 25.218902885817307 3.1100118160247803 1.8041683 3.232886751339881 1046 411 1048 414 0.5422367624870367 1.0134638854644376 -0.004545428446677144 1.8442821799088562 0.9867520813413374 0.01654336736511478 1.367214356726382 0.2685857963089483 -89.44739691020074
504.7326700015755 428.35428462442087 150.14033328595815 2.852697774760119 27 1.2721512706873455 9 26.693758977560783 0.372740464186781 0.7995020881311827 0.27448354006476716 25.421607706873438 0.3618932067363993 2.5803588692062362 0.8601034776713216 2.24748447683991 2.096564 8.0 1.9577014814441376 25.406741565435603 2.6159327030181885 1.6528587 3.592979360206704 504 427 506 430 0.4207631213125662 0.9615533613688193 0.20921310136840884 2.6649404956607476 1.1661429579635958 -1.159666199420827 1.7197864067899737 0.4185324433011852 71.1348833138188
587.7287740733416 432.0852969648847 150.13737288214426 2.852830715605763 28 1.3106067660276253 1 24.339799294511486 0.11244778290548739 6.988813891482373 0.723843259865768 23.02919252848386 0.12236335599288999 23.369325731623306 2.6338299012733044 2.411622858047485 2.096564 69.0 4.635861888831974 22.323301509347957 44.771597385406494 6.7655144 1.9289412277886866 584 428 592 437 3.797024223674963 3.954293265261332 -0.6431371448397654 0.27082490301554657 0.2600537310063401 0.08809541588990569 1.1838389949330659 0.1552905384261819 -48.485395410316336
