data/added_F140W_hst_data/F140W_HST_15115/hst_15115_30_wfc3_ir_f140w_idnl30_segment-cat.ecsv
# %ECSV 1.0
# ---
# datatype:
# - {name: X-Centroid, unit: pix, datatype: float64, format: 10.3f, description: Pixel Coordinate}
# - {name: Y-Centroid, unit: pix, datatype: float64, format: 10.3f, description: Pixel Coordinate}
# - {name: RA, unit: deg, datatype: float64, format: 13.7f, description: Sky coordinate at epoch of observation}
# - {name: DEC, unit: deg, datatype: float64, format: 13.7f, description: Sky coordinate at epoch of observation}
# - {name: ID, unit: '', datatype: int64, format: 7d, description: Catalog Object Identification Number}
# - {name: CI, unit: mag(AB), datatype: float64, format: 7.3f, description: Concentration Index}
# - {name: Flags, unit: '', datatype: int64, format: 5d, description: Numeric encoding for conditions on detected sources}
# - {name: MagAp1, unit: mag(AB), datatype: float64, format: 7.3f, description: ABMAG of source based on the inner (smaller) aperture}
# - {name: MagErrAp1, unit: mag(AB), datatype: float64, format: 7.3f, description: Error of MagAp1}
# - {name: FluxAp1, unit: electron / s, datatype: float64, format: 10.4f, description: Flux of source based on the inner (smaller) aperture}
# - {name: FluxErrAp1, unit: electron / s, datatype: float64, format: 10.4f, description: Error of FluxAp1}
# - {name: MagAp2, unit: mag(AB), datatype: float64, format: 7.3f, description: ABMAG of source based on the outer (larger) aperture}
# - {name: MagErrAp2, unit: mag(AB), datatype: float64, format: 7.3f, description: Error of MagAp2}
# - {name: FluxAp2, unit: electron / s, datatype: float64, format: 10.4f, description: Flux of source based on the outer (larger) aperture}
# - {name: FluxErrAp2, unit: electron / s, datatype: float64, format: 10.4f, description: Error of FluxAp2}
# - {name: MSkyAp2, unit: electron / (pix s), datatype: float64, format: 7.3f, description: Sky estimate from an annulus outside Aperture
#     2}
# - {name: Bck, unit: electron / s, datatype: float32, format: 10.4f, description: Background at the position of the source centroid}
# - {name: Area, unit: pix2, datatype: float64, format: 8.3f, description: Total unmasked area of the source segment}
# - {name: FWHM, unit: pix, datatype: float64, format: 8.3f, description: Circularized FWHM of 2D Gaussian function having the same second-order
#     central moments as the source}
# - {name: MagSegment, unit: mag(AB), datatype: float64, format: 7.3f, description: Magnitude corresponding to FluxSegment}
# - {name: FluxSegment, unit: electron / s, datatype: float64, format: 10.4f, description: Sum of unmasked data values in the source segment}
# - {name: FluxSegmentErr, unit: electron / s, datatype: float32, format: 10.4f, description: 'Uncertainty of FluxSegment, propagated
#     from the input error array'}
# - {name: KronRadius, unit: pix, datatype: float64, format: 8.4f, description: The unscaled first-moment Kron radius}
# - {name: Xmin, unit: pix, datatype: int64, format: 8.0f, description: Minimum X pixel within the minimal bounding box containing the
#     source segment}
# - {name: Ymin, unit: pix, datatype: int64, format: 8.0f, description: Minimum Y pixel within the minimal bounding box containing the
#     source segment}
# - {name: Xmax, unit: pix, datatype: int64, format: 8.0f, description: Maximum X pixel within the minimal bounding box containing the
[...]
# - h12: [RA and Dec values in this table are in sky coordinates (i.e. coordinates at the epoch of observation]
# - h12.1: [and an undistorted a posteriori solution aligned by visit to GAIAEDR3).]
# - h13: [Magnitude values in this table are in the ABMAG system.]
# - h14: ['Column titles in this table ending with Ap1 refer to the inner photometric aperture ']
# - h14.1: ['(radius = 1.1695906171834458 pixels, 0.15 arcsec.']
# - h15: ['Column titles in this table ending with Ap2 refer to the outer photometric aperture ']
# - h15.1: ['(radius = 3.5087718515503377 pixels, 0.45 arcsec.']
# - h16: [CI = Concentration Index (CI) = MagAp1 - MagAp2.]
# - h17: ['Flag Value Identification:']
# - h17.1: ['    0 - Stellar Source (0.25 < CI < 0.55)']
# - h17.2: ['    1 - Extended Source (CI > 0.55)']
# - h17.3: ['    2 - Questionable Photometry (Single-Pixel Saturation)']
# - h17.4: ['    4 - Questionable Photometry (Multi-Pixel Saturation)']
# - h17.5: ['    8 - Faint Detection Limit']
# - h17.6: ['   16 - Hot pixels (CI < 0.25)']
# - h17.7: ['   32 - False Detection Swarm Around Saturated Source']
# - h17.8: ['   64 - False Detections Near Image Edge']
# - h17.9: ['  128 - Bleeding and Cosmic Rays']
# - h18: ['#=================================================================================================']
# schema: astropy-2.0
X-Centroid Y-Centroid RA DEC ID CI Flags MagAp1 MagErrAp1 FluxAp1 FluxErrAp1 MagAp2 MagErrAp2 FluxAp2 FluxErrAp2 MSkyAp2 Bck Area FWHM MagSegment FluxSegment FluxSegmentErr KronRadius Xmin Ymin Xmax Ymax X2 Y2 XY CXX CYY CXY Elongation Ellipticity Theta
[from data line 260]
727.1721197322192 1343.2489139931145 150.13239912561042 2.885290941545564 261 1.8324449713568285 1 26.470313570220966 0.34768385444405714 0.9821951048032815 0.3145375148329092 24.637868598864138 0.21112337381213445 5.310993303742805 1.0327667169382289 2.1801501353581747 2.096564 12.0 2.4083010239681997 25.017852950418522 3.7426741123199463 1.9790626 2.9803618292547798 726 1341 729 1345 0.7826110317520222 1.3092656954103585 -0.2903931350820722 1.3923653987671323 0.8322837183658329 0.617649045178807 1.4828768641778922 0.3256351729822149 -66.10080752833227
692.1915371376695 1342.6179590944619 150.13364689050917 2.8852684601298115 262 1.1794868853308884 9 26.280394212235343 0.2664666918172349 1.1699451691389982 0.2871432429105869 25.100907326904455 0.28708587015577536 3.4670512594289704 0.9167739041059617 2.1704517259436136 2.096564 5.0 1.4697556484167094 25.839372267993483 1.7562012672424316 1.3522971 3.4220323232388603 691 1342 693 1343 0.5430351922246828 0.23608565203373333 -0.1168513730504128 2.061009087122891 4.740654318300881 2.0402065066222344 1.720950448045205 0.4189257447035264 -18.642312577955177
518.9568106631245 1409.058584042455 150.13982623157517 2.88763536886851 263 1.1516278196125995 1 25.478881000660998 0.15809322741197265 2.4477710448640266 0.35642997554400885 24.3272531810484 0.1843379683322203 7.070040815154925 1.2004024683536276 2.1152465646229093 2.096564 9.0 1.8343672388336982 24.867581825204667 4.298238039016724 2.1044593 2.249555620306138 518 1408 520 1410 0.6187474345663805 0.5948848434254652 -0.021176654716773467 1.618139760956067 1.6830481343182315 0.11520477410025731 1.0408911832902656 0.0392847820662755 -30.301166592483824
596.8517329388842 1427.5298489461468 150.13704770137963 2.8882934289282147 264 1.3244628254429216 1 24.21383601077452 0.12267127850447287 7.848538429410517 0.886792155777172 22.8893731853316 0.1345766368211944 26.58115936710591 3.294835617973014 2.672736623070457 2.096564 109.0 5.935285475759913 21.69107878213189 80.14781379699707 9.040379 1.4 591 1421 603 1433 5.248877337394685 7.456798551782501 1.616442726220653 0.2041452092387208 0.1436988212662221 -0.08850689374942057 1.3750216549136645 0.2727387263855212 62.16569477917028
637.8712748639116 1426.6035893541334 150.13558452142 2.8882604394516886 265 0.590440340547552 0 21.842817567525763 0.004993678739490059 69.69412442697958 0.3205582273357122 21.25237722697821 0.009862694058044059 120.05280249072244 1.090581248758207 2.162570154944132 2.096564 63.0 3.3282109827849036 21.197401793229268 126.28811359405518 11.282519 1.4 633 1422 642 1430 2.009956915188641 1.9852221234758913 -0.006112509086133224 0.497527760987302 0.5037266872403425 0.0030637810486553556 1.006930075488729 0.006882380075265204 -13.150300365307677
1094.0709828605206 451.3865869358804 150.11931205156424 2.8535183029323528 266 0.9036577521237632 1 20.979240187538828 0.02847978742896805 154.39282663605954 4.049990681728371 20.075582435415065 0.04746701423538268 354.8871049184264 15.515732947514685 3.2489294242858886 2.096564 376.0 7.952384648596024 19.475377515561114 616.839515209198 24.945782 1.4037892721372367 1083 439 1104 464 10.509054114778571 12.300106541453987 -3.1065241767470533 0.1028333886378863 0.08785953539178501 0.051943356247165805 1.3383900875659613 0.2528336773484091 -53.04041453427115
1092.9968613046597 465.46089211021655 150.11935036012105 2.854019700382255 267 1.1336833323692446 1 23.50664826197039 0.059683475505994094 15.05441516265566 0.8275765115754123 22.372964929601146 0.07834779054910182 42.76980021057807 3.0864136950587646 2.4024973455465064 2.096564 92.0 5.055616153099694 21.81927188576814 71.22204494476318 8.51799 2.274043718162584 1087 461 1098 470 5.214902371523333 4.003650125088935 -0.24573441941185975 0.19231435734506092 0.2504965636013128 0.023607585813060394 1.1534516724216688 0.1330369326176427 -11.04249300397639
530.7542680089792 688.0494015676159 150.13940519487105 2.861949421384721 268 0.8116806524589038 1 19.215237217071895 0.01689324108349477 783.8415963136312 12.196394084735704 18.40355656461299 0.03035230662341086 1655.3909155477297 46.27883637313578 -0.7200286343412579 2.096564 361.0 5.651774255178189 18.343652599423883 1749.2913701534271 41.887066 1.4 518 676 544 701 5.839277412324585 5.6815630121040375 -0.011557586475246115 0.17125475563415232 0.1760086131575514 0.0006967419505238773 1.013932789190114 0.013741334079197531 -4.169052204367536
521.3562515436114 695.9365951847127 150.13974041978233 2.862230399774907 269 0.6482444192969652 0 22.839544788021165 0.01365182713076701 27.829491961392463 0.34993406410058026 22.1913003687242 0.025927878445437594 50.559532072304904 1.2074250730670766 2.185035804907481 2.096564 50.0 3.461272212830884 22.084227529741007 55.7997407913208 7.5182977 1.5663241691299974 518 692 525 699 2.2400322927403513 2.080985547091685 0.13994664396851014 0.44830568008208915 0.48256904129212597 -0.06029727163380905 1.0774968031018808 0.07192300049409361 30.196500429734655
408.70173513830827 1159.417181178638 150.14375895265172 2.8787418530735835 270 0.8734769292957552 9 25.35922203745406 0.15061310045557758 2.732966941489579 0.3791292479509464 24.485745108158305 0.2320074428678714 6.109774057754876 1.3056213094226463 2.2684887250264483 2.096564 25.0 3.146261343471182 23.866546501944327 10.806986093521118 3.3420827 2.676830448761235 406 1157 412 1162 2.20421358429611 1.3660817004024473 0.3192253107144083 0.46956796505568327 0.7576619224319446 -0.21945682970831543 1.3554683813581487 0.26224763797291784 18.64924787842783
411.56916182063634 1175.3003483728282 150.14365667841355 2.879307692122108 271 1.394342375956363 1 23.786957155133074 0.16729710005795267 11.628945397529645 1.791921195301635 22.39261477917671 0.17350458471517297 42.00270708838411 6.712408814850453 3.4234195096152167 2.096564 277.0 10.52733071330555 20.442210205720187 253.18566393852234 16.037533 1.701004611473694 405 1160 418 1189 6.413099120601093 33.55845924950538 -6.058328345432158 0.18799163754694265 0.0359256364086628 0.06787648133587286 2.6083204682670456 0.6166115275457718 -77.97291600120079
