data/added_F140W_hst_data/F140W_HST_15115/hst_15115_30_wfc3_ir_f140w_idnl30_segment-cat.ecsv
# %ECSV 1.0
# ---
# datatype:
# - {name: X-Centroid, unit: pix, datatype: float64, format: 10.3f, description: Pixel Coordinate}
# - {name: Y-Centroid, unit: pix, datatype: float64, format: 10.3f, description: Pixel Coordinate}
# - {name: RA, unit: deg, datatype: float64, format: 13.7f, description: Sky coordinate at epoch of observation}
# - {name: DEC, unit: deg, datatype: float64, format: 13.7f, description: Sky coordinate at epoch of observation}
# - {name: ID, unit: '', datatype: int64, format: 7d, description: Catalog Object Identification Number}
# - {name: CI, unit: mag(AB), datatype: float64, format: 7.3f, description: Concentration Index}
# - {name: Flags, unit: '', datatype: int64, format: 5d, description: Numeric encoding for conditions on detected sources}
# - {name: MagAp1, unit: mag(AB), datatype: float64, format: 7.3f, description: ABMAG of source based on the inner (smaller) aperture}
# - {name: MagErrAp1, unit: mag(AB), datatype: float64, format: 7.3f, description: Error of MagAp1}
# - {name: FluxAp1, unit: electron / s, datatype: float64, format: 10.4f, description: Flux of source based on the inner (smaller) aperture}
# - {name: FluxErrAp1, unit: electron / s, datatype: float64, format: 10.4f, description: Error of FluxAp1}
# - {name: MagAp2, unit: mag(AB), datatype: float64, format: 7.3f, description: ABMAG of source based on the outer (larger) aperture}
# - {name: MagErrAp2, unit: mag(AB), datatype: float64, format: 7.3f, description: Error of MagAp2}
# - {name: FluxAp2, unit: electron / s, datatype: float64, format: 10.4f, description: Flux of source based on the outer (larger) aperture}
# - {name: FluxErrAp2, unit: electron / s, datatype: float64, format: 10.4f, description: Error of FluxAp2}
# - {name: MSkyAp2, unit: electron / (pix s), datatype: float64, format: 7.3f, description: Sky estimate from an annulus outside Aperture
#     2}
# - {name: Bck, unit: electron / s, datatype: float32, format: 10.4f, description: Background at the position of the source centroid}
# - {name: Area, unit: pix2, datatype: float64, format: 8.3f, description: Total unmasked area of the source segment}
# - {name: FWHM, unit: pix, datatype: float64, format: 8.3f, description: Circularized FWHM of 2D Gaussian function having the same second-order
#     central moments as the source}
# - {name: MagSegment, unit: mag(AB), datatype: float64, format: 7.3f, description: Magnitude corresponding to FluxSegment}
# - {name: FluxSegment, unit: electron / s, datatype: float64, format: 10.4f, description: Sum of unmasked data values in the source segment}
# - {name: FluxSegmentErr, unit: electron / s, datatype: float32, format: 10.4f, description: 'Uncertainty of FluxSegment, propagated
#     from the input error array'}
# - {name: KronRadius, unit: pix, datatype: float64, format: 8.4f, description: The unscaled first-moment Kron radius}
# - {name: Xmin, unit: pix, datatype: int64, format: 8.0f, description: Minimum X pixel within the minimal bounding box containing the
#     source segment}
# - {name: Ymin, unit: pix, datatype: int64, format: 8.0f, description: Minimum Y pixel within the minimal bounding box containing the
#     source segment}
# - {name: Xmax, unit: pix, datatype: int64, format: 8.0f, description: Maximum X pixel within the minimal bounding box containing the
[...]
# - h12: [RA and Dec values in this table are in sky coordinates (i.e. coordinates at the epoch of observation]
# - h12.1: [and an undistorted a posteriori solution aligned by visit to GAIAEDR3).]
# - h13: [Magnitude values in this table are in the ABMAG system.]
# - h14: ['Column titles in this table ending with Ap1 refer to the inner photometric aperture ']
# - h14.1: ['(radius = 1.1695906171834458 pixels, 0.15 arcsec.']
# - h15: ['Column titles in this table ending with Ap2 refer to the outer photometric aperture ']
# - h15.1: ['(radius = 3.5087718515503377 pixels, 0.45 arcsec.']
# - h16: [CI = Concentration Index (CI) = MagAp1 - MagAp2.]
# - h17: ['Flag Value Identification:']
# - h17.1: ['    0 - Stellar Source (0.25 < CI < 0.55)']
# - h17.2: ['    1 - Extended Source (CI > 0.55)']
# - h17.3: ['    2 - Questionable Photometry (Single-Pixel Saturation)']
# - h17.4: ['    4 - Questionable Photometry (Multi-Pixel Saturation)']
# - h17.5: ['    8 - Faint Detection Limit']
# - h17.6: ['   16 - Hot pixels (CI < 0.25)']
# - h17.7: ['   32 - False Detection Swarm Around Saturated Source']
# - h17.8: ['   64 - False Detections Near Image Edge']
# - h17.9: ['  128 - Bleeding and Cosmic Rays']
# - h18: ['#=================================================================================================']
# schema: astropy-2.0
X-Centroid Y-Centroid RA DEC ID CI Flags MagAp1 MagErrAp1 FluxAp1 FluxErrAp1 MagAp2 MagErrAp2 FluxAp2 FluxErrAp2 MSkyAp2 Bck Area FWHM MagSegment FluxSegment FluxSegmentErr KronRadius Xmin Ymin Xmax Ymax X2 Y2 XY CXX CYY CXY Elongation Ellipticity Theta
[from data line 58]
917.1726064919118 627.5604438157209 150.12562185756204 2.8597945361145256 59 0.6625466834369362 0 20.361323635047334 0.002267613617566723 272.7682009910182 0.5697088394643176 19.698776951610398 0.004828076387834909 502.1256567253117 2.2329382213885736 2.71525354385376 2.096564 208.0 4.90871174433975 19.537474219235996 582.5504012107849 24.198486 1.4 909 619 925 636 4.390785940437095 4.2998109720231 -0.05680989654601351 0.22778859816476163 0.23260812643192094 0.00601917004272992 1.0168910550996468 0.016610486457658613 -25.657933731928292
891.9291413164907 632.4785373522877 150.12652227690788 2.8599697460315947 60 0.694547668856579 0 19.597531315158903 0.007908667227618975 551.2018510213311 4.015171792369271 18.902983646302324 0.016360170708493115 1045.0323504972737 15.747358985017229 2.034186536615545 2.096564 315.0 5.487122415227446 18.774871415835115 1175.9114713668823 34.358105 1.4 881 621 904 644 5.282430368493257 5.576920013401434 -0.03324784541763372 0.18931390567528322 0.17931717186441207 0.0022572600848407534 1.0281986940769727 0.0274253354331353 -83.6380045862751
596.9858047969155 632.0930012943675 150.13704273698002 2.8599559921558724 61 1.5555222341093256 1 23.842504233482124 0.1541306500232964 11.04896251049057 1.5685583253430453 22.2869819993728 0.13540443345512665 46.29460614394438 5.773689708896577 3.39013341165358 2.096564 230.0 8.285512437632187 20.597915087810527 219.35985898971558 14.922974 1.5647388994592515 590 622 604 642 8.71133603462388 16.048815301020433 -4.188684316142713 0.1312662544222399 0.07125164261849642 0.06852006092964075 1.6232204966423738 0.38394075107571846 -65.60705978852616
402.09683288700535 624.6298027499644 150.1439943115339 2.8596900502373686 62 1.16199775882923 1 25.49535856687597 0.12544355835143667 2.4109031624857025 0.27855970483829634 24.33336080804674 0.1362201382173131 7.030381139838667 0.8820848213956106 2.1152537909421056 2.096564 11.0 2.0917404446897137 24.695162192890457 5.038001775741577 2.279806 2.402033015960449 401 623 403 626 0.5777153116332894 1.0003687557418959 -0.10817354291702344 1.7667279243184277 1.020289535744153 0.3820855416505476 1.364082870039643 0.2669067092889026 -76.44654142635403
951.6299388601611 633.0232655687636 150.12439278351061 2.8599891441368026 63 0.9691606648021107 9 25.58255306191716 0.17972154523771058 2.2248563143838034 0.36829199111442823 24.61339239711505 0.2530793766030004 5.43208096601569 1.266231615120452 2.340558433532715 2.096564 36.0 3.8686438952961 23.496853049262278 15.19084644317627 3.9639487 2.502205378507079 948 631 956 635 3.96803165653238 1.4299581241233918 -0.10739622954224014 0.2525274384852551 0.7007456044678264 0.03793187267760317 1.6694136426470132 0.4009872841254577 -2.4186547285228723
1257.2911954990059 638.1838633701915 150.11349001885355 2.860172888509687 64 0.6714591573833033 0 24.327109070567104 0.04072174358623568 7.070979288607962 0.2652137841892573 23.6556499131838 0.06811378563719456 13.12390953652428 0.8233574292094944 2.1154945597929116 2.096564 18.0 2.4022604923748605 23.688664909230262 12.730844974517822 3.604423 1.6387493137508684 1255 636 1259 640 0.996394705001297 1.085001438225902 -0.07951566525352025 1.009522521425328 0.9270797802558548 0.14796819995151556 1.0916488806618365 0.08395454095667854 -59.56251659412588
1035.2846719731538 642.4170984115012 150.1214088645748 2.8603237818155054 65 1.2167915748173925 1 24.673318319265235 0.09891548671139996 5.140387581127941 0.46832821172746264 23.456526744447842 0.1140230403047856 15.765672314306215 1.655751947799742 2.0866782463203046 2.096564 25.0 2.9306568491947043 23.61498775707136 13.624735832214355 3.7399552 2.3284076715775446 1033 640 1038 645 1.469371895439903 1.628364706761083 0.19743365428234252 0.6918338575391496 0.6242835050163932 -0.16776498051458294 1.1483080425132997 0.129153534611408 55.966058622304374
902.1471503504146 650.3623677499846 150.126157804403 2.860606856436464 66 1.5243048987210983 1 24.448153626095618 0.11500833463348799 6.325017667544499 0.6700099000383912 22.92384872737452 0.10267262216829355 25.750383563959474 2.435165701714145 2.16938340057761 2.096564 56.0 4.213487757332239 22.65779272746142 32.90077304840088 5.806276 2.327996757101466 898 647 906 654 3.3682947700808152 3.0349192871583943 -0.13767858633150182 0.29743766332230703 0.33011017130924375 0.026986415870257192 1.069969225552916 0.06539368038062865 -19.777792554892688
670.9255180523301 650.2587008586718 150.13440535240437 2.8606031590536007 67 1.0007237523072376 1 24.04101225815885 0.04215947300855327 9.202764110453387 0.3573580962685293 23.040288505851613 0.05730241195935337 23.13171277473309 1.2208740303428134 2.05833591114391 2.096564 25.0 2.7896735643075212 23.19154541345852 20.12356996536255 4.5261574 1.7550532408852586 668 648 673 653 1.423076266449351 1.3837874176492666 0.003519821657427923 0.7027074479173712 0.7226588987831548 -0.0035748336232413924 1.0143228953480783 0.01412064680169045 5.079135884892041
814.1053722982065 659.4647177141733 150.1292982059278 2.8609311330174774 68 1.2468099848068945 1 23.071896678608567 0.14721184114677435 22.468005522464967 3.046473666627946 21.825086693801673 0.17530080896020236 70.84162519258811 11.438329376730355 5.079493386404854 2.096564 256.0 7.624434325797464 20.03006066625226 370.0828218460083 19.333782 1.449558229126801 807 650 822 669 8.431360616859424 12.535325975387057 0.6743004074454464 0.11911726519481287 0.08011922629882262 -0.01281511475846074 1.2324780592854634 0.18862652972519767 80.90450026403762
283.058812098815 653.7690008685064 150.14824034511787 2.860728073469254 69 1.3573156106463884 1 25.439930862667197 0.13630559580942656 2.5371774822457294 0.318533193692332 24.08261525202081 0.1288308719913699 8.856805196808665 1.0509624542346474 2.125792365963176 2.096564 15.0 2.477478874475702 24.375031749729295 6.765665054321289 2.6425714 2.6101703406995127 281 652 285 655 1.3150275834800247 0.8987524568986324 -0.32461575565445777 0.8348769539413724 1.2215668672920403 0.6030897856287863 1.4384876119267476 0.3048254349159294 -28.66638259331574
720.1573812979186 656.0169832467325 150.1326492795535 2.8608083037301375 70 1.4242239054296704 9 25.69087516269446 0.25596024761981034 2.0135996558603217 0.47471812335007163 24.26665125726479 0.2425394599143754 7.475886349435129 1.6700722460838606 2.377073091845358 2.096564 51.0 4.731151236819644 23.04616185166816 23.00691843032837 4.873036 2.208598311490909 716 653 725 659 5.323376511247435 2.7498699266799798 1.8103997655699255 0.24204373502616114 0.46856395687359165 -0.31870301711185417 1.85655208252321 0.461367117349643 27.298221663553853
1016.5918581951515 667.35222703901 150.12207562084205 2.861212100389089 71 1.288672982097566 1 21.945028621086202 0.08295604873892243 63.432487851132535 4.846742704070788 20.656355638988636 0.09483678851095104 207.86479331518615 18.15716076494875 2.7642458614550147 2.096564 419.0 9.314186415215666 19.766198041695283 471.89347982406616 21.862514 1.672432041724031 1004 657 1029 678 18.01236643910405 13.277549689280653 -3.651034784709957 0.058794436553710305 0.07976072095900845 0.03233435958116886 1.3306383689302876 0.24848101230997177 -28.519884694298657
894.9983606050481 658.9591379615568 150.12641279691098 2.8609131171349893 72 1.0215825669547698 1 25.92702784111468 0.17741871664932118 1.6199889676538515 0.26472908135507506 24.90544527415991 0.21388164278839622 4.150926885067079 0.8177277896957421 2.1311614270937644 2.096564 5.0 1.449044550991542 25.640983238577498 2.108287811279297 1.4767511 2.7216502947443444 894 658 896 660 0.3605868667912579 0.3967306877077929 -6.698901954556783e-05 2.773256941573413 2.5206016634276636 0.0009365434498515576 1.0489217426768416 0.04664003107800363 -89.89380839056044
1190.0045365111355 672.2305873076278 150.11589008115598 2.861385834347711 73 1.2770140751570196 1 25.767050326479428 0.18755277620037492 1.8771676567948692 0.3242774297001292 24.490036251322408 0.1915272439516996 6.085674121813867 1.0735676449656346 2.2208519935607907 2.096564 21.0 2.963019813873889 24.211733543126797 7.863751411437988 2.8580198 2.989789676424256 1187 670 1193 674 2.0726339769857884 1.093896402001297 -0.13595301630208517 0.48644347882944544 0.9216771170108302 0.12091356747558658 1.3944950370699483 0.28289454360400157 -7.762992541581453
215.7236284024661 678.1994712300188 150.15064216986082 2.861598367660846 74 1.304579434628323 1 22.95609060277726 0.06269420427159979 24.996946015285133 1.4434591872970788 21.651511168148936 0.07028364277084642 83.12252478733842 5.381001969571815 2.01697834332784 2.096564 86.0 4.46381718904725 21.53691187053557 92.37584948539734 9.675895 1.7523778956928597 211 673 220 683 3.229490391620098 3.9571737311197293 0.33492401747625755 0.3123883828561883 0.2549433887509238 -0.05287934233279185 1.1485517495116546 0.12933831634039672 68.68488541202534
932.5797897781011 682.5266763835423 150.12507228433248 2.8617527061007597 75 0.8348827610383935 1 20.475880744889693 0.03486152382514529 245.45444170854185 7.881473581661663 19.6409979838513 0.061305106399692 529.5707625910396 29.902728144800324 0.12971512326654455 2.096564 286.0 6.181609168097594 19.56420621833248 568.3825106620789 23.927595 1.4 923 674 945 693 7.637393228972579 6.144777779874053 -0.5473254570972117 0.13177588207447433 0.1637852930652453 0.02347498883589509 1.1446735869105893 0.12638850809954938 -18.12774573978195
916.6663233804334 680.9254097208719 150.12563990966416 2.8616956631155364 76 1.325016491868972 1 25.473968183068394 0.15591406737117985 2.4588719923130036 0.3531111112338554 24.14895169119942 0.15566443232903895 8.331870609489044 1.1945987921756616 2.234859082658412 2.096564 26.0 3.136669897674878 23.804611458545622 11.441385269165039 3.4377923 2.700089042732144 914 679 919 683 1.9767856770634133 1.5717745432319825 -0.010739064988120649 0.505890512490142 0.6362471790619812 0.006912939408388753 1.1216445189759159 0.10845193545543264 -1.5178033826312132
99.47156240918252 684.8644685206698 150.1547888250306 2.8618357250786537 77 0.9378778397511311 1 23.665445099929293 0.03634866688326191 13.006042038768149 0.4354354697769955 22.727567260178162 0.05502855059335714 30.852921154934435 1.5637759350899585 2.2494314690025483 2.096564 55.0 3.9072432320932307 22.428266631827945 40.645880937576294 6.4376583 2.1148927221688467 96 681 103 689 2.8943314677662126 2.6119124090412993 -0.3620085238435739 0.3515979765009079 0.38961531936020305 0.09746227631438827 1.1526783266601899 0.13245527666210688 -34.34530825022141
967.1784382462378 683.5074642985061 150.12383816823038 2.861787641049158 78 1.3939471018592613 1 25.466472484269538 0.1626512998406177 2.4759062702601913 0.3709214084382019 24.072525382410277 0.15364421370428627 8.939496124321437 1.2650841419672851 2.133174832661947 2.096564 18.0 2.771272537830138 24.258372636934368 7.533107042312622 2.7917967 2.6758456517660507 966 681 969 686 0.8409153772289607 1.9290416010016214 0.2196242229390829 1.2256241188109958 0.5342788707489334 -0.2790782164257087 1.571622324740992 0.3637148160485676 79.00867149427238
873.3169471939595 682.9898684008251 150.12718615929631 2.8617692138660127 79 0.8218987306312613 1 25.62242904643721 0.13714929117932523 2.1446260397074663 0.27091640525983457 24.80053031580595 0.20100141187109058 4.5720510092954925 0.846448105383659 2.1326004454964087 2.096564 7.0 1.646493294533726 25.13778715274818 3.351261615753174 1.858163 2.3972830624310575 872 682 874 684 0.43848002562046934 0.5392849588502688 -0.0055198547693263945 2.28089949139106 1.8545461930833311 0.04669232371231318 1.1096981073209167 0.09885400957000356 -86.87506350972083
1009.6085688364689 684.3820404259986 150.1223247071448 2.8618187891204347 80 0.8533596315908554 9 25.580197838116334 0.14771187294007518 2.229687802993576 0.30335392967838487 24.72683820652548 0.2186590391713833 4.893143031195251 0.9854747662607567 2.1875932534535725 2.096564 13.0 2.22689578009539 24.649301483805395 5.255361557006836 2.333212 3.1208879986046174 1008 683 1011 686 0.8933868501662795 0.8952177039922515 -0.1332870156988472 1.1447646000434561 1.1424233855673793 0.340883019933657 1.1620228373576655 0.13943171523727604 -45.196753125628014
1112.8293474298807 688.0111130235448 150.11864287388283 2.8619480453343846 81 1.2648705227036672 1 25.02914951250513 0.11997326637348427 3.703935270418908 0.4092965025588202 23.76427898980146 0.12975590357690533 11.874397895523913 1.4191519097037932 2.4231842597325643 2.096564 80.0 5.262111183439296 22.546530666078496 36.45112419128418 6.1327987 2.320339209291473 1108 684 1118 693 5.138690055972017 4.848299317810126 0.13852595706488788 0.19475212804892744 0.20641688109232484 -0.011128943639802661 1.0410286195154443 0.03941161534496662 21.826700597590413
290.57161172496257 687.6256858385984 150.14797238696184 2.8619342221254347 82 0.9495944194852299 1 25.23814692897769 0.09972158048545655 3.0553743036908436 0.2806362296570896 24.28855250949246 0.13247164821638696 7.326595073439833 0.8939542462859309 2.1716858973869915 2.096564 15.0 2.3622529597925706 24.31968905894726 7.119468450546265 2.7086873 2.5968374896946194 289 686 292 689 1.0123505468669691 1.0002952528104077 -0.11476595364520926 1.0008174572465822 1.0128790447730147 0.22965173449133097 1.1215396696267885 0.10836858732534438 -43.49675930052714
970.2685375579108 692.7068071076915 150.12372794427415 2.862115367074773 83 1.2544495157265345 1 24.681692208563142 0.10019396887772822 5.100894132420063 0.47073669333359325 23.427242692836607 0.11239976167325395 16.19668426640152 1.6768015579261975 2.351819336414337 2.096564 63.0 4.653870662604487 22.65097085430994 33.108145236968994 5.832814 2.3216785101249804 966 689 975 696 4.420421991291038 3.3912350245949385 0.7595146214533346 0.23527651093234714 0.3066792644617126 -0.10538694537043307 1.2704291315591563 0.2128643974239376 27.94060277885736
1273.2380077360513 691.600070793851 150.11292117725233 2.8620758326956754 84 1.053340201667048 1 24.309955247452272 0.058441802093112075 7.183582675698787 0.38668280100644464 23.256615045785225 0.07687055459506466 18.952965631668988 1.3419222430944044 2.0778912284157496 2.096564 25.0 2.8537220157658862 23.38730941281868 16.803487539291382 4.1431894 1.7056801896894191 1271 689 1276 694 1.6735480901956614 1.2636813942726164 0.059943953082211295 0.5985498607088854 0.7926855462272757 -0.056785586826416753 1.1576899186014302 0.13621084201193578 8.152221182835953
93.08832210858226 693.072790249285 150.15501651835916 2.862128141521089 85 1.741207103879809 1 26.17483633476484 0.2926362672259728 1.289402949993315 0.34754173918780634 24.433629230885032 0.19751403015856958 6.410198836947032 1.1661639554233985 2.3056176554772163 2.096564 42.0 4.101478121496998 23.475710555502467 15.489556074142456 4.0123067 2.605203812041809 90 690 96 696 2.860241704816144 3.2070565735701013 -0.3555058556906419 0.35450515170844915 0.316168547772117 0.07859459564478946 1.1401180734619447 0.1228978618297657 -58.001018315596085
987.0575303795202 695.268183893226 150.1231290888599 2.8622066128605947 86 1.368961347472471 1 24.622233107842803 0.11180814571580283 5.388029318786705 0.5548729549561773 23.253271760370332 0.11353822312200597 19.011417061258612 1.9881389998772139 2.148305455843608 2.096564 36.0 3.6694141264189626 23.116721706879652 21.559292793273926 4.699078 2.1043880519551252 984 692 990 698 2.5460104333205447 2.3103174898075305 1.034317349355 0.48008791338156076 0.5290653088906724 -0.4298658173319347 1.5814320352682985 0.3676617282953012 41.749975518099745
