data/added_F140W_hst_data/F140W_HST_15115/hst_15115_30_wfc3_ir_f140w_idnl30_point-cat.ecsv
# %ECSV 1.0
# ---
# datatype:
# - {name: X-Center, unit: pix, datatype: float64, format: 10.3f, description: Pixel Coordinate}
# - {name: Y-Center, unit: pix, datatype: float64, format: 10.3f, description: Pixel Coordinate}
# - {name: RA, unit: deg, datatype: float64, format: 13.7f, description: Sky coordinate at epoch of observation}
# - {name: DEC, unit: deg, datatype: float64, format: 13.7f, description: Sky coordinate at epoch of observation}
# - {name: ID, unit: '', datatype: int64, format: 7d, description: Catalog Object Identification Number}
# - {name: MagAp1, unit: mag(AB), datatype: float64, format: 7.3f, description: ABMAG of source based on the inner (smaller) aperture}
# - {name: MagErrAp1, unit: mag(AB), datatype: float64, format: 7.3f, description: Error of MagAp1}
# - {name: MagAp2, unit: mag(AB), datatype: float64, format: 7.3f, description: ABMAG of source based on the outer (larger) aperture}
# - {name: MagErrAp2, unit: mag(AB), datatype: float64, format: 7.3f, description: Error of MagAp2}
# - {name: MSkyAp2, unit: electron / (pix s), datatype: float64, format: 7.3f, description: Sky estimate from an annulus outside Aperture
#     2}
# - {name: StdevAp2, unit: electron / (pix s), datatype: float64, format: 7.3f, description: Standard deviation of sky estimate from annulus
#     outside Aperture 2}
# - {name: FluxAp2, unit: electron / s, datatype: float64, format: 10.4f, description: Flux of source based on the outer (larger) aperture}
# - {name: CI, unit: mag(AB), datatype: float64, format: 7.3f, description: Concentration Index}
# - {name: Flags, unit: '', datatype: int64, format: 5d, description: Numeric encoding for conditions on detected sources}
# meta: !!omap
# - h00: [' #==================================================================================================']
# - h01: [' # All refereed publications based on data obtained from the HAP must carry the following footnote: ']
# - h02: [' #                                                                                                  ']
# - h03: [' #     Based on observations made with the NASA/ESA Hubble Space Telescope                          ']
# - h04: [' #     and obtained from the Hubble Advanced Products collection generated                          ']
# - h05: [' #     by the Space Telescope Science Institute (STScI/NASA).                                       ']
# - h06: [' #                                                                                                  ']
# - h07: [' # One copy of each paper resulting from data obtained from the HAP should be sent to the STScI.    ']
# - h08: [' #==================================================================================================']
# - {WCSNAME: IDC_w3m18525i-FIT_SVM_GAIAeDR3}
# - {WCSTYPE: undistorted a posteriori solution aligned by visit to GAIAEDR3}
# - {Proposal ID: 15115}
# - {Image File Name: HST_15115_30_WFC3_IR_F140W_IDNL30_DRZ.FITS}
# - {Target Name: COSMOS-LID360}
# - {Date Observed: '2017-10-30'}
# - {Time Observed: '01:07:40'}
# - {Instrument: WFC3}
# - {Detector: IR}
# - {Target RA: 150.1294583333}
# - {Target DEC: 2.865194444444}
# - {Orientation: 0.0}
# - {Aperture RA: 150.1329703}
# - {Aperture DEC: 2.864387035824}
# - {Aperture PA: 106.436501}
# - {Aper1 (arcsec): 0.15}
[...]
# - h10.4: ['the selected aperture. For details, see Whitmore et al., 2016 AJ, 151, 134W.']
# - h10.5: [' ']
# - h11: ['The X and Y coordinates in this table are 0-indexed (i.e. the origin is (0,0)).']
# - h12: [RA and Dec values in this table are in sky coordinates (i.e. coordinates at the epoch of observation]
# - h12.1: [and an undistorted a posteriori solution aligned by visit to GAIAEDR3).]
# - h13: [Magnitude values in this table are in the ABMAG system.]
# - h14: ['Column titles in this table ending with Ap1 refer to the inner photometric aperture ']
# - h14.1: ['(radius = 1.1695906171834458 pixels, 0.15 arcsec.']
# - h15: ['Column titles in this table ending with Ap2 refer to the outer photometric aperture ']
# - h15.1: ['(radius = 3.5087718515503377 pixels, 0.45 arcsec.']
# - h16: [CI = Concentration Index (CI) = MagAp1 - MagAp2.]
# - h17: ['Flag Value Identification:']
# - h17.1: ['    0 - Stellar Source (0.25 < CI < 0.55)']
# - h17.2: ['    1 - Extended Source (CI > 0.55)']
# - h17.3: ['    2 - Questionable Photometry (Single-Pixel Saturation)']
# - h17.4: ['    4 - Questionable Photometry (Multi-Pixel Saturation)']
# - h17.5: ['    8 - Faint Detection Limit']
# - h17.6: ['   16 - Hot pixels (CI < 0.25)']
# - h17.7: ['   32 - False Detection Swarm Around Saturated Source']
# - h17.8: ['   64 - False Detections Near Image Edge']
# - h17.9: ['  128 - Bleeding and Cosmic Rays']
# - h18: ['#=================================================================================================']
# schema: astropy-2.0
X-Center Y-Center RA DEC ID MagAp1 MagErrAp1 MagAp2 MagErrAp2 MSkyAp2 StdevAp2 FluxAp2 CI Flags
[from data line 485]
797.924399693062 1278.4165604412563 150.12987537603973 2.8829812923625835 486 26.04593403063936 0.21262769998599357 24.753323169446936 0.20708638016058595 2.143566131591797 0.06312216250266763 4.775225946035761 1.292610861192422 1
806.1782413424105 1300.3615223778402 150.12958096023493 2.88376308157886 487 25.455530430617124 0.11977118821525157 24.58341128994976 0.1691734439910978 2.1451051972129127 0.05457966544216153 5.58417059512243 0.8721191406673654 1
516.6753277913319 1301.4934366829714 150.13990757852636 2.883803360243503 488 26.239706240654627 0.24174461683870763 25.413441391288536 0.3523867120032908 2.1198056155237657 0.048425083959119285 2.599840093053274 0.8262648493660905 9
601.7204986281544 1302.4905946202855 150.13687400304167 2.883838907140966 489 26.71112788484183 0.35881853160995203 25.92715292560863 0.534075523443443 2.1331838369369507 0.03388738045475604 1.6198023442113652 0.7839749592331984 9
480.31897776845483 1314.8809659508447 150.14120442049548 2.8842802785634625 490 26.545998717413028 0.32598427110285855 25.329573177219807 0.3336593809508472 2.101924467086792 0.05380637760914537 2.808626068727719 1.216425540193221 9
832.4883311408745 1321.1708626071168 150.12864247419068 2.8845044137830955 491 25.98858572581544 0.18887519430193353 25.166052594431243 0.27451033772198624 2.108889709439194 0.04311501331415692 3.2651426185197607 0.8225331313841977 9
801.5264512259339 1322.8976698658416 150.12974689041798 2.884565931765054 492 27.35288167386136 0.6693267488793072 26.71141262815592 1.1552437182773792 2.1536630153656002 0.04604783494868625 0.7866076072377695 0.6414690457054419 8
523.7881785718413 1328.8884680584765 150.13965387042578 2.88477931037821 493 26.119843971593276 0.22458365277487488 25.220859501008533 0.3105913319933404 2.1666701769424694 0.05965024517650724 3.104412282154925 0.8989844705847432 9
533.7840480534375 1329.5454377996862 150.13929731595593 2.884802717983763 494 26.755027247654773 0.4106240456159072 25.220385363941254 0.318139266443526 2.18405396938324 0.06483147990568719 3.1057682638066666 1.534641883713519 9
803.2061847763845 1329.168506087291 150.1296869739948 2.8847893302855967 495 25.2705216075926 0.1127057763160972 24.16281623275875 0.13291543952640603 2.127049277568686 0.0838548704825734 8.226151437427774 1.1077053748338486 1
660.6968044113519 1330.9372218616502 150.13477031259185 2.8848523294543673 496 24.38409477424569 0.06195955727907098 23.283982793997474 0.07775950238449683 2.114357156412942 0.13496750837905264 18.481196122684096 1.100111980248215 1
698.8541923368517 1334.0373456237412 150.1334092311632 2.884962776606849 497 27.264996933086614 0.6071357390814965 26.202824505275835 0.7037951391523868 2.1367041908326696 0.04030227262035058 1.2565893982439604 1.0621724278107791 9
566.1389152480427 1340.1256357353639 150.1381432141181 2.885179646637353 498 26.609856029293752 0.3325718364851627 25.475154617405266 0.3611604532370423 2.1197016198756335 0.04082227975704286 2.456186536306163 1.1347014118884857 9
520.5131460381248 1342.2899402987837 150.13977069569617 2.885256736744689 499 27.155795213923724 0.5406106312845128 26.663296547088784 1.0529807257454646 2.1475958405879503 0.03400868397002093 0.8222513109292322 0.4924986668349405 8
692.0397782234718 1342.8370724960832 150.1336523038095 2.885276266025119 500 26.31422913012215 0.270113795478555 25.176810577113557 0.3005452040427527 2.1767875016745872 0.06122968094576494 3.232949810734681 1.1374185530085938 9
727.3302982892429 1342.7959586652269 150.13239348330882 2.8852748050270836 501 26.503763921535175 0.36058934575528406 24.67791859812246 0.22064189283729319 2.1825671513875324 0.09052123199618659 5.118653765771683 1.8258453234127145 9
567.5283615000029 1344.366298081997 150.13809365338335 2.885330720582894 502 26.31739272695861 0.26161240133263713 25.188986818510465 0.2898282289117647 2.1107279626946704 0.05078486999954043 3.196895689089942 1.1284059084481441 9
528.9258950576943 1345.4252552931837 150.13947061208324 2.8853684349431292 503 25.87179301338778 0.17727861210675713 25.007430543720353 0.25292011061134484 2.123764106205532 0.05721127698858537 3.778774499357411 0.8643624696674266 9
726.5465071888692 1344.0859586597908 150.13242144141688 2.8853207612054277 504 26.48169065548538 0.351974908454826 24.74747022865776 0.23536928293889675 2.18119923557554 0.08938298743547844 4.801037541520472 1.7342204268276191 9
622.2906123970644 1366.353749242736 150.13614027637556 2.8861140361715827 505 27.550459323847875 0.7774110253135024 27.057876269018543 1.5119635723697717 2.133461588718852 0.033988116942586 0.5717059153145811 0.49258305482933196 8
663.5253012978 1372.019884412195 150.1346694258995 2.8863158995915277 506 26.00456142784074 0.19820487256319394 24.920918988859583 0.23039174186613773 2.127422814015989 0.05395198118270964 4.0921881917011405 1.0836424389811583 9
572.3853479544904 1399.6652649956204 150.13792041778294 2.88730074729491 507 27.388080902620004 0.6941396939527931 -9999.0 -3.2013854424060364 2.170588692029317 0.04752386195086232 -0.28465824274317697 -9999.0 0
