data/added_F140W_hst_data/F140W_HST_15115/hst_15115_30_wfc3_ir_f140w_idnl30_point-cat.ecsv
# %ECSV 1.0
# ---
# datatype:
# - {name: X-Center, unit: pix, datatype: float64, format: 10.3f, description: Pixel Coordinate}
# - {name: Y-Center, unit: pix, datatype: float64, format: 10.3f, description: Pixel Coordinate}
# - {name: RA, unit: deg, datatype: float64, format: 13.7f, description: Sky coordinate at epoch of observation}
# - {name: DEC, unit: deg, datatype: float64, format: 13.7f, description: Sky coordinate at epoch of observation}
# - {name: ID, unit: '', datatype: int64, format: 7d, description: Catalog Object Identification Number}
# - {name: MagAp1, unit: mag(AB), datatype: float64, format: 7.3f, description: ABMAG of source based on the inner (smaller) aperture}
# - {name: MagErrAp1, unit: mag(AB), datatype: float64, format: 7.3f, description: Error of MagAp1}
# - {name: MagAp2, unit: mag(AB), datatype: float64, format: 7.3f, description: ABMAG of source based on the outer (larger) aperture}
# - {name: MagErrAp2, unit: mag(AB), datatype: float64, format: 7.3f, description: Error of MagAp2}
# - {name: MSkyAp2, unit: electron / (pix s), datatype: float64, format: 7.3f, description: Sky estimate from an annulus outside Aperture
#     2}
# - {name: StdevAp2, unit: electron / (pix s), datatype: float64, format: 7.3f, description: Standard deviation of sky estimate from annulus
#     outside Aperture 2}
# - {name: FluxAp2, unit: electron / s, datatype: float64, format: 10.4f, description: Flux of source based on the outer (larger) aperture}
# - {name: CI, unit: mag(AB), datatype: float64, format: 7.3f, description: Concentration Index}
# - {name: Flags, unit: '', datatype: int64, format: 5d, description: Numeric encoding for conditions on detected sources}
# meta: !!omap
# - h00: [' #==================================================================================================']
# - h01: [' # All refereed publications based on data obtained from the HAP must carry the following footnote: ']
# - h02: [' #                                                                                                  ']
# - h03: [' #     Based on observations made with the NASA/ESA Hubble Space Telescope                          ']
# - h04: [' #     and obtained from the Hubble Advanced Products collection generated                          ']
# - h05: [' #     by the Space Telescope Science Institute (STScI/NASA).                                       ']
# - h06: [' #                                                                                                  ']
# - h07: [' # One copy of each paper resulting from data obtained from the HAP should be sent to the STScI.    ']
# - h08: [' #==================================================================================================']
# - {WCSNAME: IDC_w3m18525i-FIT_SVM_GAIAeDR3}
# - {WCSTYPE: undistorted a posteriori solution aligned by visit to GAIAEDR3}
# - {Proposal ID: 15115}
# - {Image File Name: HST_15115_30_WFC3_IR_F140W_IDNL30_DRZ.FITS}
# - {Target Name: COSMOS-LID360}
# - {Date Observed: '2017-10-30'}
# - {Time Observed: '01:07:40'}
# - {Instrument: WFC3}
# - {Detector: IR}
# - {Target RA: 150.1294583333}
# - {Target DEC: 2.865194444444}
# - {Orientation: 0.0}
# - {Aperture RA: 150.1329703}
# - {Aperture DEC: 2.864387035824}
# - {Aperture PA: 106.436501}
# - {Aper1 (arcsec): 0.15}
[...]
# - h10.4: ['the selected aperture. For details, see Whitmore et al., 2016 AJ, 151, 134W.']
# - h10.5: [' ']
# - h11: ['The X and Y coordinates in this table are 0-indexed (i.e. the origin is (0,0)).']
# - h12: [RA and Dec values in this table are in sky coordinates (i.e. coordinates at the epoch of observation]
# - h12.1: [and an undistorted a posteriori solution aligned by visit to GAIAEDR3).]
# - h13: [Magnitude values in this table are in the ABMAG system.]
# - h14: ['Column titles in this table ending with Ap1 refer to the inner photometric aperture ']
# - h14.1: ['(radius = 1.1695906171834458 pixels, 0.15 arcsec.']
# - h15: ['Column titles in this table ending with Ap2 refer to the outer photometric aperture ']
# - h15.1: ['(radius = 3.5087718515503377 pixels, 0.45 arcsec.']
# - h16: [CI = Concentration Index (CI) = MagAp1 - MagAp2.]
# - h17: ['Flag Value Identification:']
# - h17.1: ['    0 - Stellar Source (0.25 < CI < 0.55)']
# - h17.2: ['    1 - Extended Source (CI > 0.55)']
# - h17.3: ['    2 - Questionable Photometry (Single-Pixel Saturation)']
# - h17.4: ['    4 - Questionable Photometry (Multi-Pixel Saturation)']
# - h17.5: ['    8 - Faint Detection Limit']
# - h17.6: ['   16 - Hot pixels (CI < 0.25)']
# - h17.7: ['   32 - False Detection Swarm Around Saturated Source']
# - h17.8: ['   64 - False Detections Near Image Edge']
# - h17.9: ['  128 - Bleeding and Cosmic Rays']
# - h18: ['#=================================================================================================']
# schema: astropy-2.0
X-Center Y-Center RA DEC ID MagAp1 MagErrAp1 MagAp2 MagErrAp2 MSkyAp2 StdevAp2 FluxAp2 CI Flags
[from data line 278]
863.1091040197991 847.4385831120915 150.12755025685294 2.867627700184435 279 24.697249211792602 0.11852559092142936 23.26024252371537 0.11406503683965721 2.128235297543662 0.22727421002564044 18.889748856117592 1.4370066880772328 1
557.8037914943719 849.2132896813104 150.1384403960748 2.867690892708864 280 25.116800046511592 0.11436072108108196 23.662547557764434 0.1023227073576273 2.0801033037049432 0.12051094895284266 13.040798074518506 1.4542524887471586 1
1072.6061123145662 852.2494740202661 150.12007756699597 2.8677990498860906 281 25.310621458362718 0.12586363595702932 24.035469697268844 0.12984499785017792 2.0805565324322934 0.10140181689934373 9.249863299209082 1.2751517610938734 1
1014.2653632296369 854.138217433899 150.122158561906 2.8678663519266903 282 26.18852229889699 0.2567101323975163 24.683552263909426 0.2080275789150813 2.1659145673116047 0.07841212395886403 5.092162892964851 1.504970034987565 1
1309.8139101473917 860.6604388016038 150.11161643836817 2.868098588353443 283 26.817187508438913 0.3998850862624154 25.48069457540062 0.35965061247816965 2.112064197145659 0.03826885188421111 2.4436857889555057 1.3364929330382935 9
885.2063615093676 861.3335348695011 150.12676205377426 2.8681227061087915 284 26.77981195419259 0.3796206940989443 26.101436083789842 0.6203035477388834 2.1213656902313236 0.030816164068778542 1.3795859408145645 0.6783758704027463 8
966.1396005937047 861.5624419478918 150.12387519082094 2.8681308499183693 285 24.38821120622105 0.07402258718314489 23.249190923649685 0.09200222381416424 2.0796512195042203 0.17723654699354674 19.083007629684786 1.1390202825713658 1
449.4311062083292 863.0151312956743 150.1423060191587 2.868182547296769 286 25.800080832565875 0.21444623501001348 24.17559298236474 0.1640068737390252 2.1086731042180746 0.12036613937670051 8.1299149152332 1.6244878502011346 1
1360.0093584506872 864.4734207077483 150.1098259805491 2.868234396206655 287 26.22108348209528 0.23193830138153215 25.26807233906804 0.2978441263837967 2.112518182822636 0.0398827813753236 2.9723110618118227 0.9530111430272399 9
569.2357216427192 871.4875604459792 150.13803262870357 2.868484416651386 288 25.395082061123716 0.1912028045836397 23.85111085224215 0.16260333065403076 2.2001742362976078 0.18317680008149437 10.96172373537918 1.5439712088815654 1
1037.9956248959195 871.458382183251 150.1213121067013 2.8684833769293854 289 26.62817621179437 0.35016456935532486 25.293059001569077 0.3216388042421186 2.1080542973109653 0.05240943159692217 2.9046886836817123 1.3351172102252917 9
382.8805533659588 874.6153124671378 150.1446798616357 2.8685957751633837 290 26.020827393442524 0.21718509674447709 24.552471538995896 0.18168834974460643 2.1550233939598344 0.07510094955575558 5.745589284104597 1.468355854446628 1
437.3426245976977 874.7298416898342 150.14273721621507 2.868599879025316 291 26.563603899941967 0.3302856019162637 25.460238569715713 0.3744519223664455 2.1260211194147827 0.05288146869339422 2.490162940501378 1.1033653302262536 9
1137.0598955205246 875.4941081828141 150.11777851313917 2.868627118399341 292 25.98055749610925 0.21015619415658937 24.826066830294607 0.2356207918910179 2.195108098643167 0.07607239760688257 4.4657711247302245 1.1544906658146417 9
853.2669375363865 879.1198416418804 150.1279013218902 2.868756345641813 293 25.612896525180865 0.18736357553933924 24.520182575844963 0.23428794422225366 2.379182213443821 0.1293042079685246 5.91902484686598 1.0927139493359022 9
847.1044578700764 881.5977212801416 150.1281211355829 2.868844620427265 294 23.98767326758434 0.09798245122964368 22.61841895871578 0.10309587040209425 2.273329453034834 0.3883235552935839 34.115803940612054 1.3692543088685625 1
1444.419886421168 881.9374875009784 150.10681507152447 2.8688564974280486 295 26.203855970470734 0.229329486147305 25.4517656711605 0.3551321594624265 2.122025787830353 0.04157474493816429 2.50967176644302 0.7520902993102325 8
405.5474583282594 883.4184949844721 150.14387134393908 2.8689093988247376 296 26.432967921705725 0.28257083780878883 25.526443830147606 0.3791565748734818 2.1285839932305475 0.040745775335701354 2.3428563514726193 0.9065240915581185 9
526.8132045928854 883.1726556138459 150.13954583043483 2.8689006861561133 297 25.84992547937754 0.1711444435567934 24.723189118250666 0.1902655340854201 2.1082851557896056 0.05275227201035204 4.909616231618088 1.1267363611268735 1
1083.2058178565612 883.2597708805037 150.11969946934457 2.868903788484133 298 25.20285094770766 0.12108352673339326 23.987716717480218 0.1341383821979947 2.1730139339179324 0.11544502542962685 9.665771104979825 1.2151342302274415 1
442.62390693188206 885.3075593713827 150.14254883871567 2.868976712343799 299 26.846990282624134 0.4271931689444024 25.52364816403982 0.39514609715409627 2.125370701154073 0.05169190880033766 2.3488967542146213 1.3233421185843142 9
592.6453410342295 884.7545234892309 150.13719761786788 2.86895705798758 300 26.66039133508241 0.354955159280759 25.49765748998452 0.3785470120036853 2.1189238786697384 0.047372543319692054 2.4058037494600626 1.1627338450978897 9
994.5947626880497 884.5894267950372 150.1228601993398 2.868951180666463 301 27.390381077650673 0.6766708744334383 26.449761841408097 0.8762605240815242 2.1435671363558084 0.037464657747427 1.0009639968067034 0.9406192362425756 9
641.8682160739806 886.3678185878058 150.13544185258394 2.8690145417831507 302 25.498949414701485 0.17164681738902834 23.8730552261109 0.1315248958454015 2.073557408650716 0.13344113538009683 10.742394641881091 1.6258941885905855 1
670.1327357159643 886.8486597993524 150.13443366544075 2.869031676368313 303 26.486063157804708 0.29161901621020603 25.507351092012783 0.36253744160842993 2.1003623167673746 0.03389337715553575 2.3844200035559737 0.9787120657919246 9
1428.8307690043341 889.8927472486914 150.10737112513607 2.869139914502094 304 27.325775604358334 0.6463230459428011 26.5646055230157 0.9918983106662704 2.1231915394465126 0.04269508758520685 0.9004943332691369 0.7611700813426339 8
503.0592036796915 893.2047274246106 150.14039313199177 2.8692580711148503 305 26.685661941146257 0.35287752058343747 25.537198946746592 0.3765388009271511 2.1498345965045997 0.03673298299013509 2.319762986636775 1.1484629943996651 9
1085.3659778741003 894.915525077791 150.11962241342152 2.869319024053994 306 26.70970380823207 0.3607382756044182 25.74655114262991 0.4565404483905819 2.1165956319388695 0.03668775064232929 1.9129461132674095 0.9631526656021592 9
634.5877586376564 897.5710978340084 150.13570154648355 2.86941365727802 307 26.06778980550292 0.2082885908349852 24.962965338387427 0.23689873629219307 2.1300320258507366 0.05122782493792088 3.9367429465715844 1.1048244671154919 9
251.48971032634697 899.5983106985802 150.14936654807258 2.8694857235687734 308 26.44375203595886 0.29172127084515614 25.568345647647227 0.4069248188999294 2.1139479534966608 0.048360248387268934 2.254161014005092 0.8754063883116316 9
421.58873846910575 903.4995444587611 150.14329916471686 2.869624793141128 309 26.923762934854942 0.4457648770713841 25.89774917872832 0.5370541012483768 2.11394361149181 0.042119401860449775 1.6642689929515342 1.0260137561266234 9
1294.5891145046903 903.3065009776395 150.11215947866623 2.8696178627062396 310 25.94356999760476 0.19317846640889316 24.7217385566692 0.19968301445437783 2.0938879648844404 0.06287855331724196 4.916179943989988 1.22183144093556 1
659.3487433119886 903.4157172591352 150.1348183299709 2.869621876140926 311 26.817289645585 0.3962209973465851 26.061377980680966 0.6055939317573531 2.1184105133188185 0.03447820905693744 1.4314362168330632 0.7559116649040334 8
461.71527876716584 904.1379794684822 150.1418678622073 2.869647553493948 312 26.709274877835043 0.3652908429509375 25.491202731527842 0.367750754034108 2.1681546679997847 0.04165983120017703 2.4201489777457255 1.2180721463072004 9
295.9097679819521 908.0681318438689 150.1477821017804 2.869787487048174 313 24.177944362094436 0.0795282881830996 22.862605933654557 0.08525887023469823 2.158351182937622 0.25128284073477014 27.244624081550214 1.3153384284398797 1
1087.9527354669742 909.4198463280248 150.11953013992118 2.869835739684444 314 25.276719991728477 0.1238472524066521 23.90033043961801 0.11721072582803084 2.0634197677884787 0.10480084400036882 10.475892122518857 1.3763895521104672 1
440.51566699557685 910.0081814931542 150.14262404895865 2.869856671152702 315 26.53469037679487 0.3105415970163056 25.38822212390496 0.33451924713182013 2.1279035232685226 0.04095054807883136 2.660935477179322 1.1464682528899104 9
1492.8226033523456 913.1687107419599 150.1050885372687 2.8699690739163835 316 26.847941291727032 0.42223024583158997 25.851150926103934 0.5254377608822716 2.128330921304637 0.047590055289363414 1.7372520104876372 0.9967903656230988 9
902.2651952262006 914.7925215598164 150.12615356471474 2.870027180823731 317 26.248702017225504 0.2307561234555726 25.362315013079126 0.3104140138511211 2.116386201646593 0.02638841410987665 2.7251925195444073 0.8863870041463784 9
1081.3201718607756 917.4038216485802 150.11976671923972 2.8701201708783675 318 26.084321565367993 0.21321678861313198 25.08871107180093 0.26790203669618495 2.1093338810164353 0.05395179146602375 3.5062167866204845 0.9956104935670638 9
559.0210124355082 919.2950719756541 150.13839699719725 2.8701875565484234 319 26.774274016111058 0.3887185589863412 25.23977550124409 0.2928461354803119 2.13581475718268 0.04246890436841992 3.0507947678442093 1.5344985148669679 9
1236.8716449444155 918.6884509479482 150.11421823758408 2.8701658743073737 320 25.71926387741356 0.14725476287302736 24.67586500495392 0.17455515644317648 2.106908643454836 0.04280538182931245 5.128344498782354 1.0433988724596404 1
1059.832985397278 920.2985202892586 150.12053316084663 2.8702233008991245 321 26.368314332780663 0.2662503554802469 25.237882926080083 0.2904148715160782 2.1773289688702286 0.04081672621882278 3.0561173255610896 1.1304314067005805 9
1427.858899653997 923.13727705711 150.10740576838083 2.87032425147986 322 27.068735211805965 0.5012221331286456 26.315748196778905 0.7686286599970019 2.120221259164029 0.03599939656754623 1.132462721247549 0.7529870150270597 8
1136.7207077102005 925.5821514524065 150.11779059332017 2.8704115050566537 323 26.74524653473714 0.3693712182209281 25.70540442910775 0.43383612160688173 2.118580719520306 0.03281871215429395 1.9868332608562866 1.0398421056293898 9
698.657994624668 926.0154863816286 150.1334161822566 2.8704269983442106 324 26.512729405032132 0.3027363707466293 25.74770185811247 0.46154514337862795 2.1331678817146704 0.039060054042098356 1.9109197549187655 0.7650275469196615 8
631.445945205272 926.5250882861312 150.13581361961363 2.8704451426039537 325 23.28535541362057 0.09409617784215413 22.122664088670668 0.12068741510126776 2.289999570165362 0.7345565511940938 53.85890975694461 1.162691324949904 1
973.4854229563011 929.389909328309 150.1236131548474 2.870547202111321 326 24.461111237063015 0.07870694715618189 23.407709594775547 0.10529190162043778 2.066807623567252 0.17599114329719248 16.490710041223764 1.0534016422874686 1
1506.688575180656 932.1066668045447 150.10459392696484 2.870643727819466 327 26.612099286152805 0.34476360666785766 25.328383415143804 0.33123592988808437 2.1321301258216474 0.05227594191263574 2.811705480021544 1.2837158710090009 9
1382.3873496491512 933.2297258046428 150.1090277205279 2.8706838253483937 328 23.43653765427443 0.024696497828272136 22.443436104622926 0.03449385039881435 2.143386324246724 0.12324018577194316 40.0819416570405 0.9931015496515059 1
983.6767180600754 937.7803222873185 150.12324963214155 2.8708461085889714 329 26.738516346287426 0.3751400377824935 25.456092897551038 0.35587976927357085 2.1190135357743607 0.0415400291617407 2.4996893182676843 1.2824234487363881 9
305.5387082789327 939.5492780830143 150.1474386574602 2.870909008216221 330 26.982618053438465 0.4567161020754239 26.313638069694825 0.7530886144184302 2.1072768037969416 0.029820321410390906 1.1346658014119555 0.6689799837436397 8
865.6113267021858 941.4459449294204 150.1274609968852 2.8709767123317302 331 24.896250393209847 0.1043524304871289 23.70552400750413 0.12100242474595523 2.063940052328439 0.14687415734717377 12.534689788171775 1.190726385705716 1
1009.0937401514013 943.4941717789163 150.1223430115877 2.871049659021887 332 25.93945559847809 0.19002456258307662 24.708351330015653 0.19395540287688978 2.1193598934582303 0.05926994489970464 4.977172139041244 1.2311042684624383 1
665.6597788153732 945.2495917818843 150.13459322342993 2.8711122089210304 333 26.832242441733747 0.42122651094005176 25.52075225055139 0.3940763772322475 2.153925754256168 0.051511398774212236 2.355170176220142 1.311490191182358 9
760.6493224229519 944.9382950808459 150.13120496773269 2.871101128471834 334 26.3018898722976 0.2429334559898755 25.447611908357693 0.33679535482375905 2.1167021592458086 0.027719992707458434 2.5192915503241693 0.8542779639399072 9
978.7128490849221 945.5098892411103 150.12342669068383 2.8711214753949803 335 24.659716585845366 0.07719106099947691 23.69952481893062 0.1092765750121835 2.054642250663356 0.12708369690066462 12.604141375171352 0.9601917669147468 1
443.76613088144643 947.3034853076365 150.14250812065126 2.8711853176381674 336 25.562879841246875 0.1628707228620593 24.137333835045453 0.14720269166829636 2.1179274896095537 0.1073437754486287 8.4215040021748 1.4255460062014222 1
1105.761634297713 946.9188066542487 150.11889488863213 2.8711716343315747 337 25.762489845838154 0.20097625694764135 24.163252831111798 0.15521598100679515 2.2140819629033404 0.1136141898364641 8.222844186425874 1.5992370147263557 1
645.4694635187586 948.4252982271613 150.13531340799327 2.871225340153705 338 25.72731737279546 0.16654405218976068 24.4742444000832 0.17055477463167115 2.0886813657624383 0.07623725014943881 6.174836083613812 1.2530729727122605 1
377.2104568131754 953.2102985043447 150.14488214940476 2.871395718820583 339 26.265853533345428 0.2426373897693515 25.278681165202897 0.3023418448127365 2.1286748584948088 0.04134650606825683 2.9434097715205354 0.9871723681425308 9
314.54632178196783 955.5291347326056 150.1471173666623 2.8714782955230413 340 26.968317965112504 0.44941602363022237 26.259549630143532 0.7130910273485416 2.1000693184988837 0.028393070119300375 1.1926234415211212 0.7087683349689726 8
476.40882865242503 957.6325151726378 150.14134376667508 2.871553301763712 341 25.160044857770345 0.13566080338875766 24.16706610092556 0.1893010362870989 2.5061354061652876 0.15152905175778952 8.194014969517042 0.992978756844785 1
796.8976025613362 956.8420313527704 150.12991199981371 2.8715252000621367 342 25.58878093418633 0.13899725730983473 24.50036753613682 0.16231384861476914 2.1436640086926912 0.062214508031366786 6.028040742003114 1.0884133980495108 1
609.1379089815551 958.9275471201333 150.13660934876071 2.871599475674182 343 25.027428207988173 0.1288915958164527 23.678114747086006 0.13000712786304042 2.176407810117378 0.169168223248737 12.855154321509929 1.3493134609021666 1
722.7959377195976 958.8311971198649 150.13255519069037 2.871596060528586 344 25.444687618903814 0.12100990252088568 24.401611586806716 0.14687117138200553 2.105775023328847 0.060602227439625025 6.602046193114518 1.0430760320970975 1
672.0121762003412 961.8590109146683 150.13436663726043 2.871703920429278 345 24.428950814441443 0.09917911132899129 23.010625338949758 0.09663733753192667 2.121489675839742 0.24813116650042658 23.772401566877917 1.4183254754916845 1
614.6723872871218 963.2643273861603 150.1364119359881 2.8717539746474348 346 28.171067611509798 1.467671052734356 26.192598798546932 0.7469191991938958 2.211354684829712 0.05616677434178175 1.2684801455774277 1.9784688129628663 9
