data/added_F140W_hst_data/F140W_HST_15115/hst_15115_30_wfc3_ir_f140w_idnl30_point-cat.ecsv
# %ECSV 1.0
# ---
# datatype:
# - {name: X-Center, unit: pix, datatype: float64, format: 10.3f, description: Pixel Coordinate}
# - {name: Y-Center, unit: pix, datatype: float64, format: 10.3f, description: Pixel Coordinate}
# - {name: RA, unit: deg, datatype: float64, format: 13.7f, description: Sky coordinate at epoch of observation}
# - {name: DEC, unit: deg, datatype: float64, format: 13.7f, description: Sky coordinate at epoch of observation}
# - {name: ID, unit: '', datatype: int64, format: 7d, description: Catalog Object Identification Number}
# - {name: MagAp1, unit: mag(AB), datatype: float64, format: 7.3f, description: ABMAG of source based on the inner (smaller) aperture}
# - {name: MagErrAp1, unit: mag(AB), datatype: float64, format: 7.3f, description: Error of MagAp1}
# - {name: MagAp2, unit: mag(AB), datatype: float64, format: 7.3f, description: ABMAG of source based on the outer (larger) aperture}
# - {name: MagErrAp2, unit: mag(AB), datatype: float64, format: 7.3f, description: Error of MagAp2}
# - {name: MSkyAp2, unit: electron / (pix s), datatype: float64, format: 7.3f, description: Sky estimate from an annulus outside Aperture
#     2}
# - {name: StdevAp2, unit: electron / (pix s), datatype: float64, format: 7.3f, description: Standard deviation of sky estimate from annulus
#     outside Aperture 2}
# - {name: FluxAp2, unit: electron / s, datatype: float64, format: 10.4f, description: Flux of source based on the outer (larger) aperture}
# - {name: CI, unit: mag(AB), datatype: float64, format: 7.3f, description: Concentration Index}
# - {name: Flags, unit: '', datatype: int64, format: 5d, description: Numeric encoding for conditions on detected sources}
# meta: !!omap
# - h00: [' #==================================================================================================']
# - h01: [' # All refereed publications based on data obtained from the HAP must carry the following footnote: ']
# - h02: [' #                                                                                                  ']
# - h03: [' #     Based on observations made with the NASA/ESA Hubble Space Telescope                          ']
# - h04: [' #     and obtained from the Hubble Advanced Products collection generated                          ']
# - h05: [' #     by the Space Telescope Science Institute (STScI/NASA).                                       ']
# - h06: [' #                                                                                                  ']
# - h07: [' # One copy of each paper resulting from data obtained from the HAP should be sent to the STScI.    ']
# - h08: [' #==================================================================================================']
# - {WCSNAME: IDC_w3m18525i-FIT_SVM_GAIAeDR3}
# - {WCSTYPE: undistorted a posteriori solution aligned by visit to GAIAEDR3}
# - {Proposal ID: 15115}
# - {Image File Name: HST_15115_30_WFC3_IR_F140W_IDNL30_DRZ.FITS}
# - {Target Name: COSMOS-LID360}
# - {Date Observed: '2017-10-30'}
# - {Time Observed: '01:07:40'}
# - {Instrument: WFC3}
# - {Detector: IR}
# - {Target RA: 150.1294583333}
# - {Target DEC: 2.865194444444}
# - {Orientation: 0.0}
# - {Aperture RA: 150.1329703}
# - {Aperture DEC: 2.864387035824}
# - {Aperture PA: 106.436501}
# - {Aper1 (arcsec): 0.15}
[...]
# - h10.4: ['the selected aperture. For details, see Whitmore et al., 2016 AJ, 151, 134W.']
# - h10.5: [' ']
# - h11: ['The X and Y coordinates in this table are 0-indexed (i.e. the origin is (0,0)).']
# - h12: [RA and Dec values in this table are in sky coordinates (i.e. coordinates at the epoch of observation]
# - h12.1: [and an undistorted a posteriori solution aligned by visit to GAIAEDR3).]
# - h13: [Magnitude values in this table are in the ABMAG system.]
# - h14: ['Column titles in this table ending with Ap1 refer to the inner photometric aperture ']
# - h14.1: ['(radius = 1.1695906171834458 pixels, 0.15 arcsec.']
# - h15: ['Column titles in this table ending with Ap2 refer to the outer photometric aperture ']
# - h15.1: ['(radius = 3.5087718515503377 pixels, 0.45 arcsec.']
# - h16: [CI = Concentration Index (CI) = MagAp1 - MagAp2.]
# - h17: ['Flag Value Identification:']
# - h17.1: ['    0 - Stellar Source (0.25 < CI < 0.55)']
# - h17.2: ['    1 - Extended Source (CI > 0.55)']
# - h17.3: ['    2 - Questionable Photometry (Single-Pixel Saturation)']
# - h17.4: ['    4 - Questionable Photometry (Multi-Pixel Saturation)']
# - h17.5: ['    8 - Faint Detection Limit']
# - h17.6: ['   16 - Hot pixels (CI < 0.25)']
# - h17.7: ['   32 - False Detection Swarm Around Saturated Source']
# - h17.8: ['   64 - False Detections Near Image Edge']
# - h17.9: ['  128 - Bleeding and Cosmic Rays']
# - h18: ['#=================================================================================================']
# schema: astropy-2.0
X-Center Y-Center RA DEC ID MagAp1 MagErrAp1 MagAp2 MagErrAp2 MSkyAp2 StdevAp2 FluxAp2 CI Flags
[from data line 70]
310.60812653775474 493.3227464582532 150.14725758855576 2.855012191330163 71 22.602678149078976 0.008672358849161694 21.997275469358065 0.015886279154468958 2.18560296580905 0.05460984892866053 60.45232460205162 0.6054026797209104 0
864.3967271058345 493.51765250180404 150.12750435182886 2.855019266776136 72 26.04602848062686 0.24970702260163163 24.524794380938836 0.20576255435906593 2.1400794859590198 0.10321845662019576 5.893936343580236 1.521234099688023 1
862.6324391789625 493.6313427937117 150.1275672826909 2.8550233171103923 73 26.159759045972265 0.28015579420635 24.672121495712275 0.2379667916690981 2.1652631362279253 0.10574923657631764 5.146057032827926 1.48763755025999 9
368.14373230842585 498.10707684912273 150.1452053377569 2.855182662568733 74 26.675701728722828 0.3658306406765532 25.258139789932876 0.31060205565966703 2.1513937314351397 0.05253272390576373 2.9996271611980347 1.4175619387899516 9
1239.105537530768 503.8464343759237 150.11413875594633 2.855387126707468 75 26.6487465646709 0.35217350999194524 25.435890954997063 0.3590716741758908 2.1555684884389246 0.048317534231181 2.546635632305154 1.2128556096738379 9
307.22207334435876 505.53206689530657 150.14737837332345 2.8554471464983635 76 22.987750316773713 0.10264226519567898 21.672379135619536 0.1136572941812906 2.6014138197494763 1.0626234595255097 81.54015621607923 1.3153711811541768 1
630.5181529945008 505.29397876137404 150.13584663302566 2.8554387840071693 77 27.53497285887591 1.1586224947378432 24.994464112012153 0.3876682824494718 2.202404260635376 0.14119742074478167 3.8241731557916125 2.5405087468637575 9
576.5759015437263 505.5617150371147 150.13777071472055 2.8554483102165245 78 27.015802050325654 0.4791753582017336 26.122233405155995 0.6479556593788143 2.1381036298615594 0.0374176577401787 1.3534114032313767 0.8935686451696583 9
630.8690899485483 509.1688311333248 150.1358341160957 2.8555768256882637 79 25.04879011424655 0.09013793919689071 24.197861197101624 0.13354507359865894 2.1036154905955 0.07919518889700729 7.964870417606306 0.8509289171449268 1
1230.4281774775695 512.8981142062484 150.11444826686485 2.855709596926314 80 25.383673944637493 0.1291053256272096 24.16791089263571 0.13951725309031687 2.0981719749314447 0.09138896394089091 8.18764183435421 1.2157630520017833 1
434.22193225688915 515.6276660580754 150.14284838331665 2.8558068628820843 81 26.37789432185555 0.2898662209687235 25.02433031991147 0.2652521803299208 2.111740835507711 0.06458330670723723 3.720412247825422 1.353564001944079 9
663.5585900894059 516.4241963388536 150.13466810592232 2.8558353037035147 82 26.730342431764292 0.3726984804320331 25.532324351318174 0.3828779177479154 2.1294165679386685 0.04182927392535696 2.330201367898738 1.1980180804461185 9
1123.8184524593512 518.1289140579813 150.11825095859183 2.855895988220615 83 26.76787910780429 0.37389839392639274 26.008702911868312 0.5659815710003268 2.119673530260722 0.028784706620630745 1.5025953089251942 0.7591761959359786 8
1130.6661572353134 518.5352851779124 150.1180067056084 2.8559104627390184 84 26.89075185798805 0.42213671352414917 25.71516301393718 0.43743434198065223 2.10076851680361 0.032601206686829136 1.9690556380105164 1.1755888440508713 9
686.9058150507882 521.1030483539989 150.13383532737112 2.856001991105501 85 26.669269265802292 0.3475591620217353 25.523961207813933 0.3715327599647119 2.111299207133632 0.03675781659938007 2.3482196085981144 1.145308057988359 9
716.4670068137867 525.9668008248443 150.13278090068656 2.8561752656009003 86 23.319756384639156 0.03388733773033635 22.51745760749779 0.05907035043418994 1.977413883749044 0.2316021736495835 37.44037159004323 0.8022987771413668 1
1246.501431393954 530.0884941558235 150.1138749368024 2.8563219964559017 87 24.993114811270708 0.08625184377909918 24.031996174709867 0.11692845222588669 2.1382181369341335 0.08057741576730251 9.279503149656009 0.9611186365608404 1
849.421647389485 531.7784268840023 150.12803850008595 2.8563823077466424 88 26.0867079145742 0.216257113021731 24.893437847267542 0.22742438180127394 2.097583552538338 0.05754989714957237 4.197087800561505 1.1932700673066563 9
228.51215922581858 534.784158049388 150.15018591821826 2.8564892056278555 89 25.300576324484446 0.13632319032144094 24.1049895708733 0.15414580645176593 2.151366969286385 0.12222102613397684 8.676156257340395 1.1955867536111455 1
519.6003094027983 535.4815227518113 150.13980300285962 2.8565141872916273 90 26.635174051247134 0.4780114630263329 24.520015774201298 0.23419943597714055 2.163759044238499 0.12791047884401607 5.919934256456045 2.115158277045836 9
1053.2498967911642 534.9756475127163 150.12076808491773 2.856496175346417 91 26.80566477542039 0.4049791495597948 25.319831504666666 0.3204614785868066 2.127313383420309 0.04671733922608691 2.833939610916758 1.485833270753723 9
1193.882086620375 534.8460880068615 150.11575183057974 2.856491509984744 92 25.211960879423984 0.10310018406729989 24.114426050856856 0.12136036759286191 2.0946922096712832 0.0750868794053964 8.6010757603012 1.0975348285671274 1
1291.2443450246558 535.6171432566795 150.1122789848752 2.856518931541153 93 26.838073098016444 0.41696194743524767 25.741005376231335 0.4716166276905862 2.1300265320011826 0.04651038282228329 1.9227421321554345 1.097067721785109 9
996.4215235919386 537.4363220516418 150.12279511378605 2.856583850800657 94 25.64823995230776 0.15341743393031923 24.57946292590789 0.1855851606129875 2.101034990378788 0.07387949123194668 5.604514834518241 1.0687770263998715 1
458.9756443415758 541.323721650772 150.14196544562725 2.8567222945928554 95 25.8701942470623 0.17363023107884973 24.75500989852457 0.19501307453126754 2.1402941175869534 0.05136667732414096 4.767813225362275 1.1151843485377313 1
224.45715633419456 543.4337400798719 150.15033056295053 2.8567973443835437 96 26.246162190761765 0.2510484090987099 25.16759677155411 0.29441465357958224 2.154591202735901 0.05811884328996001 3.260502103839741 1.0785654192076564 9
448.502442036722 543.4914847793831 150.14233901854226 2.856799517107731 97 25.84336442937677 0.20867764461477156 24.445595875388655 0.19363695457564534 2.1868835517338345 0.10476419208630722 6.339935553644224 1.397768553988115 1
650.4125158726354 552.0345046966463 150.1351370232138 2.8571039188099014 98 27.502479334547736 0.7537836637766298 26.592060635740708 1.0059362629661315 2.139753571578434 0.039284498582703886 0.8780089422777024 0.9104186988070282 9
416.7795879928972 555.5021171700388 150.1434705565681 2.857227382883758 99 26.469599740396973 0.2969630201119484 25.34576202546637 0.32787870698760124 2.1151154120763147 0.046481235213729336 2.7670587694839384 1.1238377149306018 9
750.8017682716666 558.6831400701537 150.13155620533544 2.8573407878250134 100 26.021295155380656 0.19479699234818218 25.14318962241277 0.2688096278801434 2.108743655479561 0.04343116517910016 3.3346276308350724 0.8781055329678864 9
526.4404845516182 561.7087453839126 150.139559026521 2.857448534204226 101 26.666833081452225 0.35144158269760745 25.72104611600666 0.4549594334352481 2.1109719687494737 0.04179621643584802 1.9584150908230384 0.9457869654455635 9
347.0612039120371 566.0032023531215 150.1459573706603 2.8576014515641686 102 25.129600675178324 0.1006943633672125 23.867443048962777 0.10313192191195768 2.0976452123923384 0.08816153058545813 10.798065904728077 1.2621576262155472 1
1083.8921857703804 567.5210788227804 150.11967508519155 2.8576555973333138 103 26.147546853160755 0.21878095850364207 25.251878341553287 0.297662177104724 2.125092280994762 0.04326450696471517 3.016976009656389 0.8956685116074681 9
305.27269536901287 571.3850226587981 150.1474479426301 2.8577931568661454 104 26.846707878084565 0.41604594472407785 25.68991435956984 0.4434553424921968 2.145993717381211 0.04298197366980809 2.0153823440607255 1.156793518514725 9
522.8628189081414 582.4756986562992 150.13968664598477 2.858188355806509 105 24.321994387644196 0.04023325348023658 23.653672540298075 0.06743056746824513 2.112688344457875 0.03857368741898169 13.147832942897182 0.668321847346121 0
1054.5189749029314 583.4718920062885 150.12072280423456 2.8582238536911713 106 26.524401795150077 0.3030138962739493 25.583541707158247 0.39117836311423604 2.1018229212079733 0.03509698561662065 2.222831335891712 0.9408600879918296 9
1216.5530973958967 589.5576900029439 150.11494314598846 2.858440600675922 107 26.760537108854606 0.37625344499227814 25.9901386692611 0.568014765326374 2.1180853503090997 0.03467421316980564 1.52850803373083 0.7703984395935066 8
1186.1198457318508 592.4517229222569 150.1160286799309 2.8585437139995737 108 25.56175116428504 0.13329582630573908 24.73231164426037 0.1965865589302501 2.1383214993910356 0.05729331337614895 4.868537681305256 0.8294395200246711 1
176.3005240369139 593.3192522956767 150.15204831220106 2.858574483545941 109 26.541749547536483 0.31254363378805033 25.513712049484255 0.3743873351869594 2.1412754138310754 0.04107435467029909 2.37049134288759 1.0280374980522282 9
229.81244564414664 593.3947474316884 150.15013957518883 2.8585772085771732 110 26.618449765932063 0.3329158992861901 25.722750629580993 0.449130620144715 2.126433279554723 0.03819602951468228 1.9553429576838255 0.8956991363510696 9
1247.1474693875991 593.5455040000779 150.11385186179936 2.858582652039154 111 26.736252258285077 0.3733814655329379 25.393549777783974 0.3349871812930955 2.121248680248595 0.04052405246010769 2.647910381232819 1.342702480501103 9
1324.6779057146632 595.945975362315 150.11108639766834 2.8586681274288717 112 26.802653275983403 0.3923796209243684 26.03732318389074 0.5951887573495176 2.136122449239095 0.036082949348099955 1.4635040204448302 0.7653300920926611 8
1126.4316508245047 597.1617844096495 150.1181577192764 2.8587115332512774 113 24.84429455187565 0.0767741961154725 23.797496287109624 0.0966975082579657 2.1064049252923933 0.08568823053412654 11.516610489774052 1.046798264766025 1
1169.9675134788133 597.3455492703098 150.1166048216471 2.8587180632580456 114 26.00271489608955 0.22429372316719062 24.473039605482235 0.18031921857557254 2.1565060071777875 0.08716117196448275 6.181691835743607 1.5296752906073152 1
168.69910271082045 601.6997331162203 150.15231945608346 2.8588730328527894 115 28.303100767067995 1.6294104189523264 27.646657994863453 2.77956405420472 2.2033873335007694 0.0509939867841806 0.3323992195714993 0.6564427722045423 8
1296.0692406442693 604.3777560098841 150.1121068465218 2.8589685256541273 116 27.282516002089544 0.6101749102413208 26.435115492419413 0.8592538665219861 2.1530627267701288 0.03581050925600757 1.0145582726418922 0.8474005096701305 9
508.6048528270599 605.5505822962156 150.14019522621993 2.8590103939985494 117 24.703122174104323 0.07190514518852634 23.854768888540683 0.10989267204708085 2.0369944408022125 0.10132588518360222 10.92485390485605 0.8483532855636398 1
1128.5337622032011 607.4432421306911 150.11808273453747 2.859077809424918 118 26.26075772786146 0.2492192203018228 25.1179692180675 0.27308392893975886 2.104767595018659 0.05189249842125954 3.4129938536055278 1.1427885097939594 9
319.27560799001617 610.4181572880502 150.14694848870099 2.85918371983754 119 25.6243061438786 0.14196598136823127 24.564505106046717 0.16972705345231162 2.1198459885337133 0.05885796604512102 5.682260645864105 1.0598010378318818 1
298.9277684219275 615.0687389204046 150.14767428654193 2.8593493856809493 120 23.812895577697894 0.035347524670435754 22.955680230335226 0.05490341796092938 2.057188424570807 0.12690292414667792 25.0063958214007 0.8572153473626685 1
320.3227136263293 614.5842928568333 150.14691114130318 2.8593321389721824 121 27.52002423088004 0.7935291233391734 25.98555714352866 0.6061822566161053 2.128642533042214 0.05133742035474281 1.5349715695996338 1.5344670873513806 9
190.1663728857423 616.2800180486568 150.1515537415971 2.8593924702826023 122 24.243561310738023 0.34741248158203203 22.292735545103156 0.21372614656885758 2.999316565195719 1.1327284430167086 46.049930104500135 1.9508257656348675 1
1113.5741625783369 618.3255925421992 150.11861633071797 2.859465498416946 123 26.918414242861303 0.4533860181905285 25.73840586555459 0.47790037462752993 2.1168701443178897 0.049641141385899215 1.927351149413525 1.180008377306713 9
135.77302463992893 621.2218206755393 150.15349392360832 2.8595684834633515 124 26.73579789675108 0.375835313072021 25.923954317342 0.5510516607977259 2.178392782049664 0.04311527879077423 1.6245813618914298 0.8118435794090786 9
210.48885877243572 621.4581822628505 150.1508288540169 2.8595769559263156 125 28.113846279942003 1.3108482353662207 28.157045552595086 4.190287888464009 2.208552360534668 0.035396878043054844 0.2077327509324789 -0.043199272653083653 8
201.76348212154792 622.8450769684752 150.15114008399004 2.859626358283758 126 27.78689282473014 1.4046697723732868 25.097907397861896 0.40393460992671043 2.344188872973124 0.13223117301912377 3.4766440960756597 2.6889854268682427 9
1078.4466252949703 623.6031806741012 150.1198693076854 2.859653523876171 127 26.81090429225464 0.3956597642035986 26.039136624341012 0.5972532533474788 2.1392161763947586 0.036338307794647744 1.4610616571695374 0.7717676679136289 8
402.2012460908229 624.6960000674338 150.1439905872052 2.8596924085630895 128 25.48888865709403 0.12453956344252518 24.338055204733912 0.13644845990673773 2.1160444021224976 0.0570850213795552 7.000049506680284 1.1508334523601178 1
917.2169095454732 627.6401186977308 150.1256202772876 2.859797374526644 129 20.35974117338678 0.0012784368415103657 19.707927087658717 0.0024688230533358546 2.8239944726228714 0.09187335376425489 497.91173075033834 0.6518140857280628 0
204.06914469951207 630.3727400116578 150.15105784736545 2.8598945327959884 130 29.893774112054423 7.125047230656727 29.227726357220277 12.1295321871426 2.342340272048424 0.054081501427691865 0.07748767862625527 0.6660477548341461 8
159.61569193945726 630.0891170571006 150.15264347606896 2.859884398166886 131 27.940856247820086 1.242257896941854 25.845872076729272 0.5786007870296397 2.4039927638810257 0.06874391926501464 1.7457190964844074 2.0949841710908146 9
143.66698488497764 631.8674686755419 150.15321235849802 2.8599477404410814 132 28.910016798154615 2.82897180676786 27.463952925796832 2.327680730939641 2.216151857376099 0.04859209311538759 0.3933163706902576 1.446063872357783 9
891.9543554213517 632.4581523813172 150.1265213775372 2.859969019814516 133 19.59702410572261 0.008831527824432367 18.891474189879354 0.01808793425352135 1.7492829669605605 2.0621541586981422 1056.1692462017838 0.7055499158432568 0
951.3322010747308 633.0850806274391 150.12440340363716 2.8599913463471722 134 25.478849530933054 0.17389078067049266 24.338855619229925 0.20957726942094182 2.2986086289087932 0.1408703426577518 6.994890908936682 1.1399939117031295 1
141.74645476432877 637.2209262777842 150.15328086662663 2.8601384559512337 135 29.065370104756404 3.1256631048635866 28.025275315301514 3.6668484383017805 2.2065429323810646 0.03224975762907283 0.23453791891003561 1.0400947894548906 9
179.1981480902455 636.690409764515 150.151944985785 2.860119582937758 136 20.53602408242734 0.061632578408136324 19.36435804397385 0.07828258679455112 9.370910365006019 6.1348789107055905 683.2505277276096 1.1716660384534876 1
1257.3719601218584 638.3213448559977 150.113487137956 2.8601777862469002 137 24.29493279909922 0.03960285869338464 23.709815783485865 0.07188195960657476 2.132305320428342 0.04206016527926598 12.485239566479109 0.5851170156133563 0
146.2482944208052 641.9650277712888 150.15312029204193 2.860307467839241 138 29.145951338256104 3.438880053970778 -9999.0 -2.3157712264352046 2.2575838724772135 0.04092539906533751 -0.38301098286828505 -9999.0 0
