data/added_F140W_hst_data/F140W_HST_15115/hst_15115_30_wfc3_ir_f140w_idnl30_segment-cat.ecsv
# %ECSV 1.0
# ---
# datatype:
# - {name: X-Centroid, unit: pix, datatype: float64, format: 10.3f, description: Pixel Coordinate}
# - {name: Y-Centroid, unit: pix, datatype: float64, format: 10.3f, description: Pixel Coordinate}
# - {name: RA, unit: deg, datatype: float64, format: 13.7f, description: Sky coordinate at epoch of observation}
# - {name: DEC, unit: deg, datatype: float64, format: 13.7f, description: Sky coordinate at epoch of observation}
# - {name: ID, unit: '', datatype: int64, format: 7d, description: Catalog Object Identification Number}
# - {name: CI, unit: mag(AB), datatype: float64, format: 7.3f, description: Concentration Index}
# - {name: Flags, unit: '', datatype: int64, format: 5d, description: Numeric encoding for conditions on detected sources}
# - {name: MagAp1, unit: mag(AB), datatype: float64, format: 7.3f, description: ABMAG of source based on the inner (smaller) aperture}
# - {name: MagErrAp1, unit: mag(AB), datatype: float64, format: 7.3f, description: Error of MagAp1}
# - {name: FluxAp1, unit: electron / s, datatype: float64, format: 10.4f, description: Flux of source based on the inner (smaller) aperture}
# - {name: FluxErrAp1, unit: electron / s, datatype: float64, format: 10.4f, description: Error of FluxAp1}
# - {name: MagAp2, unit: mag(AB), datatype: float64, format: 7.3f, description: ABMAG of source based on the outer (larger) aperture}
# - {name: MagErrAp2, unit: mag(AB), datatype: float64, format: 7.3f, description: Error of MagAp2}
# - {name: FluxAp2, unit: electron / s, datatype: float64, format: 10.4f, description: Flux of source based on the outer (larger) aperture}
# - {name: FluxErrAp2, unit: electron / s, datatype: float64, format: 10.4f, description: Error of FluxAp2}
# - {name: MSkyAp2, unit: electron / (pix s), datatype: float64, format: 7.3f, description: Sky estimate from an annulus outside Aperture
#     2}
# - {name: Bck, unit: electron / s, datatype: float32, format: 10.4f, description: Background at the position of the source centroid}
# - {name: Area, unit: pix2, datatype: float64, format: 8.3f, description: Total unmasked area of the source segment}
# - {name: FWHM, unit: pix, datatype: float64, format: 8.3f, description: Circularized FWHM of 2D Gaussian function having the same second-order
#     central moments as the source}
# - {name: MagSegment, unit: mag(AB), datatype: float64, format: 7.3f, description: Magnitude corresponding to FluxSegment}
# - {name: FluxSegment, unit: electron / s, datatype: float64, format: 10.4f, description: Sum of unmasked data values in the source segment}
# - {name: FluxSegmentErr, unit: electron / s, datatype: float32, format: 10.4f, description: 'Uncertainty of FluxSegment, propagated
#     from the input error array'}
# - {name: KronRadius, unit: pix, datatype: float64, format: 8.4f, description: The unscaled first-moment Kron radius}
# - {name: Xmin, unit: pix, datatype: int64, format: 8.0f, description: Minimum X pixel within the minimal bounding box containing the
#     source segment}
# - {name: Ymin, unit: pix, datatype: int64, format: 8.0f, description: Minimum Y pixel within the minimal bounding box containing the
#     source segment}
# - {name: Xmax, unit: pix, datatype: int64, format: 8.0f, description: Maximum X pixel within the minimal bounding box containing the
[...]
# - h12: [RA and Dec values in this table are in sky coordinates (i.e. coordinates at the epoch of observation]
# - h12.1: [and an undistorted a posteriori solution aligned by visit to GAIAEDR3).]
# - h13: [Magnitude values in this table are in the ABMAG system.]
# - h14: ['Column titles in this table ending with Ap1 refer to the inner photometric aperture ']
# - h14.1: ['(radius = 1.1695906171834458 pixels, 0.15 arcsec.']
# - h15: ['Column titles in this table ending with Ap2 refer to the outer photometric aperture ']
# - h15.1: ['(radius = 3.5087718515503377 pixels, 0.45 arcsec.']
# - h16: [CI = Concentration Index (CI) = MagAp1 - MagAp2.]
# - h17: ['Flag Value Identification:']
# - h17.1: ['    0 - Stellar Source (0.25 < CI < 0.55)']
# - h17.2: ['    1 - Extended Source (CI > 0.55)']
# - h17.3: ['    2 - Questionable Photometry (Single-Pixel Saturation)']
# - h17.4: ['    4 - Questionable Photometry (Multi-Pixel Saturation)']
# - h17.5: ['    8 - Faint Detection Limit']
# - h17.6: ['   16 - Hot pixels (CI < 0.25)']
# - h17.7: ['   32 - False Detection Swarm Around Saturated Source']
# - h17.8: ['   64 - False Detections Near Image Edge']
# - h17.9: ['  128 - Bleeding and Cosmic Rays']
# - h18: ['#=================================================================================================']
# schema: astropy-2.0
X-Centroid Y-Centroid RA DEC ID CI Flags MagAp1 MagErrAp1 FluxAp1 FluxErrAp1 MagAp2 MagErrAp2 FluxAp2 FluxErrAp2 MSkyAp2 Bck Area FWHM MagSegment FluxSegment FluxSegmentErr KronRadius Xmin Ymin Xmax Ymax X2 Y2 XY CXX CYY CXY Elongation Ellipticity Theta
[from data line 87]
439.34549057190986 697.8417168465727 150.1426657031701 2.8622982404164823 88 1.1044273971617855 1 25.11237924078832 0.09952696129393496 3.4306111679703424 0.31448678726086876 24.007951843626536 0.11863905260851261 9.48729611642942 1.0367171622636153 2.100791161520439 2.096564 14.0 2.3001722316688453 24.30364673059509 7.225443363189697 2.7255201 2.2525410899520515 438 696 441 700 0.8289036004335213 1.0793463512817743 -0.17816394304739994 1.2507900320271017 0.9605668835609573 0.41292710864439824 1.2615359826601065 0.20731551557382066 -62.550609080436885
1220.8402852966658 707.1882821552662 150.11479017012616 2.862631188475212 89 1.296054866221553 9 26.254121450755747 0.25154932944213393 1.1986009376168205 0.27770771127035476 24.958066584534194 0.2407266592272983 3.9545453433081263 0.8768209351178361 2.1687789716218644 2.096564 6.0 1.5947828583598367 25.629719408661693 2.1302738189697266 1.4890537 3.0498172180936334 1220 706 1222 708 0.44882207165657473 0.46849117603772816 -0.135051403594773 2.4396732157816263 2.337246127308035 1.4065634912933718 1.3556561577716284 0.2623498264901044 -47.08248658884065
450.2591458316502 711.9564199746338 150.14227642408196 2.862801081044747 90 1.3656979613535611 9 26.268888304467268 0.271628799650142 1.182409394440855 0.29582430183938535 24.903190343113707 0.248832828660477 4.159556771769175 0.953333588922507 2.2280533949534096 2.096564 15.0 2.5476705188571924 24.70933631500737 4.97265887260437 2.2781959 2.959702979197449 449 710 452 714 0.9314045757655148 1.4095935753813862 -0.33941255161419615 1.1769160624521382 0.7776603306121519 0.5667734172022363 1.4489008020425764 0.30982162575225447 -62.58112692127213
705.4695821648047 714.65209680318 150.13317319169073 2.862897178218125 91 0.9779984956350987 1 23.929940243331444 0.04207696118087516 10.194057902457779 0.39507688923027495 22.951941747696345 0.060406640554737566 25.092647997422944 1.3961154721809736 2.190686396190098 2.096564 38.0 3.3970495121081385 22.79609940839302 28.965660095214844 5.4329276 2.0238318161383564 702 712 709 717 2.470896163061013 1.6912593326851528 0.2761864960909712 0.412236110967233 0.6022687385540965 -0.13463818924735432 1.2633032096874965 0.20842439698433912 17.658793175903813
902.2192360604342 716.3727009851399 150.12615522588644 2.862958474590213 92 1.6501439508618887 9 26.433631689221485 0.3300181231236562 1.0159457495812525 0.3088150589225946 24.783487738359597 0.23578390736868107 4.644383762732545 1.008631252552949 2.2593133290608725 2.096564 25.0 3.2664448153459715 24.154996613957685 8.285611152648926 2.940772 3.042786568624087 900 714 905 719 1.9455172625860877 1.9027497544857066 -0.3205414979453117 0.5286758759980764 0.5405587574731211 0.17812385135824352 1.1835734297485228 0.15510100610109767 -43.09168834624752
958.347136024568 717.529292814828 150.12415317036832 2.862999670269747 93 1.4125231080216452 1 25.073637014028925 0.17099935721058088 3.5552356142021218 0.5599548722121465 23.66111390600728 0.16773234245796925 13.05802906662781 2.0173655735744056 2.3933184023561145 2.096564 52.0 4.2366559298454245 22.81732316948233 28.404943227767944 5.3999076 2.0924954371792954 955 714 962 721 3.375721435626067 3.0981033058215015 -0.17733858075716466 0.2971264548372623 0.3237516776154642 0.03401564028367732 1.0721718456784526 0.06731369226803685 -25.974239817968023
1385.4821089185248 716.579946049883 150.10891747124938 2.862965675302523 94 1.1636590644705436 1 25.233497635842383 0.12673656866326882 3.0684859498748214 0.35819230015527853 24.06983857137184 0.14804614513767422 8.961645593230998 1.2220107618751725 2.0769084862300327 2.096564 12.0 2.1186480012667963 24.548864286781743 5.764710187911987 2.43695 2.0898426613439285 1384 715 1387 718 0.8392820678329423 0.7796631862059287 -0.009183087384005955 1.191648109851814 1.2827704417244201 0.028071118188885306 1.0393054370273704 0.03781894679565245 -8.560978225273413
687.3808000325681 721.0660683064393 150.13381841067968 2.8631256738188235 95 1.3134158363231023 1 25.198263097057094 0.11770551213596551 3.169698501780477 0.34364095557582536 23.88484726073399 0.11909804020249462 10.626354231442733 1.16567925160018 2.155051677315323 2.096564 23.0 2.9693392980784936 23.878938055568007 10.684346675872803 3.3193183 2.4470645538074103 685 719 690 723 1.9632193239334939 1.2168325158470055 0.2879269408085862 0.5276794119764311 0.8513500460767146 -0.24971903173098695 1.357462551916678 0.26333142775243157 18.825489143390275
113.48507270993755 724.4751022534401 150.15428900072928 2.863246864614461 96 1.3207428805568 1 24.343759118458777 0.117644885834547 6.96337118491156 0.7545408566569907 23.023016237901977 0.12839963405677995 23.50264269905918 2.779525395529566 2.2717141083308627 2.096564 55.0 4.169083695088469 22.59205387051557 34.9543833732605 5.9792933 2.0487342866674343 110 721 117 728 3.0099535209535166 3.259010468271477 -0.34464485862359806 0.3363032439723407 0.31060260258676614 0.0711290651576083 1.124622149598233 0.11081246233924325 -54.93300317086914
202.17152890804468 726.3355109638522 150.1511255982325 2.863313205075043 97 1.4765694423273388 1 24.688697380262624 0.1532946026563118 5.068089098328178 0.7155850645251944 23.212127937935286 0.14274435612152317 19.745676530674828 2.596098261540987 2.4317875768317547 2.096564 81.0 5.282377920165252 22.292848336589238 46.045146465301514 6.871662 2.4442048050012315 198 721 206 732 4.170349493280132 5.893716723114222 -1.704150468001333 0.27191650350140606 0.19240606664115317 0.15724767866154082 1.4910277160727592 0.32932165564707594 -58.4114525088186
700.3125915801555 722.0987847460235 150.13335713991634 2.8631624659084554 98 1.2259602842017614 9 26.264029028461046 0.26267443381748673 1.1877131968583932 0.28735552318535096 25.038068744259284 0.270966836027053 3.6736323914058318 0.9168578298109372 2.2145253340403235 2.096564 11.0 2.154868310111757 25.016971048027045 3.745715379714966 1.976165 3.3246973950758933 699 721 702 723 1.0731543679694953 0.6016188851557561 0.13694126191800854 0.9597079824761028 1.711905724340388 -0.4368999226446775 1.4019969712036513 0.286731697329222 15.074678420069231
678.7292299986316 728.7277939168874 150.1341270091439 2.8633986216477605 99 1.2910032723247369 1 25.798754653073424 0.18020254214029974 1.8231455097919103 0.3026024275178916 24.507751380748687 0.1787584599474176 5.987184494511368 0.9857786494058303 2.120804113254213 2.096564 8.0 1.884029284677969 25.162220777073493 3.276686429977417 1.8419273 2.6310374431466412 678 727 680 730 0.40180610283018336 0.8784293381683405 -0.05087184497308827 2.5071453746759538 1.1468040381344948 0.29038900520207367 1.4931026022034262 0.33025366205626905 -83.9750293818131
189.84908489493063 734.510101518299 150.15156513955154 2.86360441656012 100 1.220783981667175 9 26.02270043556564 0.22355884256008662 1.4833478933664814 0.305439383029339 24.801916453898464 0.23759961625939258 4.566217685988192 0.9992922261652813 2.2053582072257996 2.096564 13.0 2.5392553927255106 24.693808468805386 5.044287204742432 2.2875319 3.0498872925691414 188 733 192 736 1.237665151762584 1.0878935933068414 -0.6858578130191881 1.2418209659237882 1.4127838822730547 1.5658013193384777 1.9794498476946416 0.4948091252907235 -41.88440543060187
1429.4386607743634 740.450875154677 150.10734954569827 2.8638160476794843 101 1.2627558163448782 1 25.49920701526458 0.16423530729065905 2.402372718197409 0.36341017002841236 24.236451198919703 0.17564861922455313 7.68674924428548 1.2435911311449956 2.148474718843188 2.096564 14.0 2.3574694923449395 24.45191442188733 6.303146839141846 2.5507183 2.496334260551018 1428 739 1431 742 0.990168540228539 1.0143344582715264 0.2787604132213447 1.0946196638549561 1.0685409983129832 -0.6016489478951235 1.3310149426570481 0.24869363374407893 46.2409751194724
700.7574352219198 744.3199033778184 150.13334127507898 2.8639540933258028 102 1.4434840087267489 1 24.858231764592098 0.1770937407430875 4.335413120036074 0.7071700535081962 23.41474775586535 0.17076367232464867 16.38415662789177 2.5769722333250717 2.276932425418143 2.096564 63.0 5.525557047577138 22.643677242826037 33.331303358078 5.8519125 2.0232771992556313 695 742 708 747 9.284590024054161 1.7274221222568436 -0.5625943118282362 0.10987366658268344 0.590551629226013 0.0715682623751173 2.352091921508893 0.5748465479365752 -4.234285358514095
233.7223766178834 749.7615399905767 150.15000020919956 2.8641477777802087 103 1.1046576594921191 1 23.286950682040832 0.05568696708106672 18.430746278690975 0.9453369819480125 22.182293022548713 0.07450492525255978 50.98072230817179 3.498493971531589 2.300344496442561 2.096564 94.0 4.935303688764441 21.738839286276566 76.69860744476318 8.835254 1.9240974355322564 228 745 239 755 4.596862603044222 4.188148424720256 -0.5553964369215011 0.22108189771075587 0.24265689864238832 0.05863598220714877 1.1451706223375318 0.1267676794233582 -34.89950077087549
954.3724092531421 756.4952050784765 150.12429494043332 2.8643878315927687 104 1.2917834570458808 1 23.688114611007563 0.125539665164629 12.737299154680677 1.4728159445337792 22.396331153961683 0.1420321327102072 41.85918147763854 5.476051228490931 4.0375140042140565 2.096564 441.0 10.749884154425663 19.957100390220816 395.8066051006317 20.054966 1.789070685165351 943 745 967 770 21.934440834198096 19.745022263458555 -4.452670049408612 0.04777756457143793 0.053075359921661604 0.021548492370619836 1.2506739382094316 0.20043108803267884 -38.09375886258648
211.56018216285605 747.1899586189439 150.15079072309956 2.8640561509407316 105 1.2188744947175039 1 25.66346828718458 0.1598710755121281 2.0650752349293082 0.30408565793645487 24.444593792467074 0.1699676004756872 6.345789714019716 0.9934407762873982 2.1461830224309653 2.096564 11.0 2.1591928604459776 24.76442344064592 4.726654052734375 2.2104678 2.78632567809589 210 746 213 749 0.872697771710215 0.8088043462218973 0.30761317651641396 1.323271150106545 1.4278061059646785 -1.0065614602054231 1.470982740567826 0.320182370315248 42.03544330955286
624.6126206388412 748.584689386269 150.13605732736173 2.864106014478177 106 1.2226849927087642 1 25.34952595222321 0.12506362429031853 2.7574828020785223 0.3176391205177886 24.126840959514446 0.13447945431204195 8.50328645386928 1.053253497444339 2.119815908778797 2.096564 13.0 2.2326096010506813 24.478962094182307 6.148063659667969 2.5172563 2.415446308325111 623 747 626 750 0.9453484556731312 0.8524463599521069 0.12988623161939983 1.0804294991452863 1.1981778636934708 -0.32924749935538755 1.1672836183179864 0.14331017388819023 35.16074525167973
1033.6119578822993 749.187934853692 150.12146850203482 2.864127493327205 107 1.4233236890034675 9 26.341078550172703 0.2845296444948427 1.1063480464396918 0.2899408826941597 24.917754861169236 0.24573556415283265 4.104131324421303 0.9289223785244368 2.1733393426668846 2.096564 5.0 1.4816718293230695 25.85851840692756 1.7255034446716309 1.3408988 3.3741243244726444 1033 748 1034 750 0.23746543259106864 0.5543402153941471 -0.11837035051592931 4.712771502902541 2.018833006448748 2.0126716381325958 1.731007577923458 0.42230177802016633 -71.61808969193812
1161.0169807096738 751.6134903868505 150.11692402039137 2.8642138622085103 108 1.4005455820340558 1 24.803085881039117 0.11297263366435137 4.561302141892442 0.4746267992156545 23.40254029900506 0.11061768233124317 16.569411120232274 1.6881918169969805 2.1163578033447266 2.096564 29.0 3.1890940729004242 23.444966513482115 15.934432029724121 4.0441275 2.1289365220200005 1158 749 1164 754 1.798790314227595 1.869377605604642 0.22639726403449537 0.5645342495198871 0.54321755917134 -0.1367396390776065 1.1338125697824786 0.11802000908152799 49.43033275115542
781.4245729919825 752.2773349036075 150.13046391457254 2.864237582376884 109 1.1283955877125535 1 25.572633798861325 0.1610311475688416 2.245275688180975 0.3330195456168397 24.44423821114877 0.1904107248070691 6.34786831635256 1.1132929972336008 2.167111750306754 2.096564 15.0 2.479937992340336 24.468020328107094 6.2103354930877686 2.5353212 2.7903970720676985 780 750 783 754 0.9334246788583452 1.284752289301861 0.348338100974655 1.1919250911362271 0.8659819520707861 -0.6463392612066148 1.4440364154110281 0.30749668822211684 58.38070153107815
1129.7429025923984 751.895508657573 150.11803955286192 2.8642239209710505 110 1.5530078786927106 1 25.89559295348399 0.20460937371213042 1.6675774434774393 0.3142691133152753 24.34258507479128 0.16067481106164563 6.970904988719994 1.0316375075907414 2.095428450902303 2.096564 8.0 2.0221269566397257 25.26272981065805 2.9869728088378906 1.7615284 2.8894664401590067 1128 751 1131 753 0.8865558147165158 0.5882382634566878 0.44605435842412416 1.8237595780733722 2.748656044720114 -2.7658721271785045 2.1265564279387887 0.5297561885205784 35.755136504324376
1422.5831651227895 757.7673697635109 150.10759406618817 2.8644329524992473 111 3.2446614802568376 9 26.51384741892032 1.263271141709246 0.9435919470939531 1.097920674507717 23.269185938663483 0.23494692484305923 18.734789504705546 4.054233380963976 2.0736281225236795 2.096564 150.0 9.265400201606939 21.439306134490145 101.0649905204773 10.160717 2.030398297058451 1415 751 1431 765 19.79391323850741 11.169078209639128 -10.423933957294029 0.09935013794975707 0.17606896235305103 0.1854440012323595 2.5240510939936196 0.6038115066768424 -33.762475600779894
488.5251317320254 753.9788323085367 150.14091150959806 2.8642981436343287 112 1.0831012781643494 1 25.771836817114767 0.16722983756062174 1.8689103387987842 0.28786734122933333 24.688735538950418 0.19807581454075218 5.067910981184809 0.9245929774506803 2.1542078389061823 2.096564 8.0 1.7876383677971455 25.09559635626737 3.4840521812438965 1.8973829 2.838806733946808 487 753 490 755 0.6528302901351892 0.49975714859567977 -9.647987694209854e-05 1.531791713162901 2.00097193475035 0.0005914355658630017 1.1429327767079187 0.12505790333497968 -0.036112715614990784
885.9633657139956 760.5077788127854 150.1267350609434 2.8645307884076896 113 1.4112167986839523 9 26.093038987582837 0.24495424929919102 1.390297040730342 0.31367704514597744 24.681822188898884 0.2202625693841131 5.10028350873111 1.0347255689606096 2.17764379296984 2.096564 10.0 2.095411707782145 25.028726181572203 3.7053797245025635 1.9622415 3.1326911005974996 885 759 887 762 0.5715624393857532 1.0120659545014958 -0.28562043378000207 2.0368424020547575 1.1503031070106349 1.149655924752326 1.634981910934194 0.388372438060418 -63.81852726507096
1077.855738966387 766.7268653151679 150.11989034061628 2.864752305344794 114 1.5562382302417745 1 24.5291656015305 0.1593493590754383 5.870254806153417 0.8615836243622162 22.972927371288726 0.13916898302714775 24.61230253905663 3.154894643379384 2.347345050175985 2.096564 74.0 5.231625320477754 22.270281245778293 47.01221299171448 6.9343567 1.9198607378641128 1074 761 1082 772 3.537632724797739 6.333973285254024 -2.1961570354806295 0.3602089222940067 0.2011828616704212 0.24978803140220446 1.7979094401874784 0.4437984596734059 -61.24131293765557
1206.49007803756 762.2045307977368 150.1153020103419 2.8645911488387554 115 0.9043971009117655 1 25.389640318974095 0.11258581134003182 2.6574620165008795 0.27557568134205446 24.48524321806233 0.15428785794670066 6.112599001720028 0.8686559882679596 2.128549675507979 2.096564 10.0 1.9750411076678942 24.756185280253227 4.762654542922974 2.2153254 2.3567814099362505 1205 761 1208 763 0.8831961329335236 0.5237155181485916 0.008340091994500023 1.132421627514701 1.9097207694111182 -0.03606729311142693 1.2989983521334085 0.2301760827042998 1.3283319070615431
